g,N,E0,E1,gap,xi_gap,xi_corr,m_corr,xi_transfer,m_transfer,i0,comp_i,comp_j,r,corr,abs_corr,log_abs_corr,rMin,rMax
0.5,41,-35.569629902797,nan,nan,nan,48.716583926032,0.02052689083287,nan,nan,10,3,3,1,0.11013370763583,0.11013370763583,-2.2060601273788,1,20
0.5,41,-35.569629902797,nan,nan,nan,48.716583926032,0.02052689083287,nan,nan,10,3,3,2,0.10813655605344,0.10813655605344,-2.2243604426462,1,20
0.5,41,-35.569629902797,nan,nan,nan,48.716583926032,0.02052689083287,nan,nan,10,3,3,3,0.10569378539718,0.10569378539718,-2.247209182563,1,20
0.5,41,-35.569629902797,nan,nan,nan,48.716583926032,0.02052689083287,nan,nan,10,3,3,4,0.10311585738429,0.10311585738429,-2.2719020939249,1,20
0.5,41,-35.569629902797,nan,nan,nan,48.716583926032,0.02052689083287,nan,nan,10,3,3,5,0.10056787368619,0.10056787368619,-2.2969224193744,1,20
0.5,41,-35.569629902797,nan,nan,nan,48.716583926032,0.02052689083287,nan,nan,10,3,3,6,0.09811947138116,0.09811947138116,-2.3215694470793,1,20
0.5,41,-35.569629902797,nan,nan,nan,48.716583926032,0.02052689083287,nan,nan,10,3,3,7,0.095810315606444,0.095810315606444,-2.3453849212381,1,20
0.5,41,-35.569629902797,nan,nan,nan,48.716583926032,0.02052689083287,nan,nan,10,3,3,8,0.093650637588801,0.093650637588801,-2.3681840419059,1,20
0.5,41,-35.569629902797,nan,nan,nan,48.716583926032,0.02052689083287,nan,nan,10,3,3,9,0.091619131298798,0.091619131298798,-2.3901151721359,1,20
0.5,41,-35.569629902797,nan,nan,nan,48.716583926032,0.02052689083287,nan,nan,10,3,3,10,0.089712461214684,0.089712461214684,-2.411145598555,1,20
0.5,41,-35.569629902797,nan,nan,nan,48.716583926032,0.02052689083287,nan,nan,10,3,3,11,0.087916194912338,0.087916194912338,-2.4313712488004,1,20
0.5,41,-35.569629902797,nan,nan,nan,48.716583926032,0.02052689083287,nan,nan,10,3,3,12,0.086215122320016,0.086215122320016,-2.4509096837522,1,20
0.5,41,-35.569629902797,nan,nan,nan,48.716583926032,0.02052689083287,nan,nan,10,3,3,13,0.084603709300112,0.084603709300112,-2.4697771681761,1,20
0.5,41,-35.569629902797,nan,nan,nan,48.716583926032,0.02052689083287,nan,nan,10,3,3,14,0.08306016646798,0.08306016646798,-2.488190036592,1,20
0.5,41,-35.569629902797,nan,nan,nan,48.716583926032,0.02052689083287,nan,nan,10,3,3,15,0.081579340985525,0.081579340985525,-2.5061792232631,1,20
0.5,41,-35.569629902797,nan,nan,nan,48.716583926032,0.02052689083287,nan,nan,10,3,3,16,0.080160844367916,0.080160844367916,-2.5237201081692,1,20
0.5,41,-35.569629902797,nan,nan,nan,48.716583926032,0.02052689083287,nan,nan,10,3,3,17,0.078793755281277,0.078793755281277,-2.5409215329581,1,20
0.5,41,-35.569629902797,nan,nan,nan,48.716583926032,0.02052689083287,nan,nan,10,3,3,18,0.077468654872449,0.077468654872449,-2.5578818776948,1,20
0.5,41,-35.569629902797,nan,nan,nan,48.716583926032,0.02052689083287,nan,nan,10,3,3,19,0.076177121752548,0.076177121752548,-2.5746941008383,1,20
0.5,41,-35.569629902797,nan,nan,nan,48.716583926032,0.02052689083287,nan,nan,10,3,3,20,0.074915800294934,0.074915800294934,-2.5913904588379,1,20
0.55,41,-27.884650469011,nan,nan,nan,34.476224853213,0.029005495939815,nan,nan,10,3,3,1,0.10926993471617,0.10926993471617,-2.2139339928539,1,20
0.55,41,-27.884650469011,nan,nan,nan,34.476224853213,0.029005495939815,nan,nan,10,3,3,2,0.10581403272132,0.10581403272132,-2.246072133936,1,20
0.55,41,-27.884650469011,nan,nan,nan,34.476224853213,0.029005495939815,nan,nan,10,3,3,3,0.10186450791291,0.10186450791291,-2.2841117025368,1,20
0.55,41,-27.884650469011,nan,nan,nan,34.476224853213,0.029005495939815,nan,nan,10,3,3,4,0.09792838373095,0.09792838373095,-2.3235188457158,1,20
0.55,41,-27.884650469011,nan,nan,nan,34.476224853213,0.029005495939815,nan,nan,10,3,3,5,0.094219528338644,0.094219528338644,-2.3621278116807,1,20
0.55,41,-27.884650469011,nan,nan,nan,34.476224853213,0.029005495939815,nan,nan,10,3,3,6,0.090811263308644,0.090811263308644,-2.3989719558185,1,20
0.55,41,-27.884650469011,nan,nan,nan,34.476224853213,0.029005495939815,nan,nan,10,3,3,7,0.087699932240484,0.087699932240484,-2.4338341522328,1,20
0.55,41,-27.884650469011,nan,nan,nan,34.476224853213,0.029005495939815,nan,nan,10,3,3,8,0.08486858569946,0.08486858569946,-2.4666512694559,1,20
0.55,41,-27.884650469011,nan,nan,nan,34.476224853213,0.029005495939815,nan,nan,10,3,3,9,0.082282670292032,0.082282670292032,-2.4975947610046,1,20
0.55,41,-27.884650469011,nan,nan,nan,34.476224853213,0.029005495939815,nan,nan,10,3,3,10,0.079909331539776,0.079909331539776,-2.5268626427944,1,20
0.55,41,-27.884650469011,nan,nan,nan,34.476224853213,0.029005495939815,nan,nan,10,3,3,11,0.07772111187216,0.07772111187216,-2.5546283484486,1,20
0.55,41,-27.884650469011,nan,nan,nan,34.476224853213,0.029005495939815,nan,nan,10,3,3,12,0.075688707002894,0.075688707002894,-2.5811263106066,1,20
0.55,41,-27.884650469011,nan,nan,nan,34.476224853213,0.029005495939815,nan,nan,10,3,3,13,0.073791288281817,0.073791288281817,-2.6065145993054,1,20
0.55,41,-27.884650469011,nan,nan,nan,34.476224853213,0.029005495939815,nan,nan,10,3,3,14,0.072008774107534,0.072008774107534,-2.6309673047861,1,20
0.55,41,-27.884650469011,nan,nan,nan,34.476224853213,0.029005495939815,nan,nan,10,3,3,15,0.070323316429109,0.070323316429109,-2.6546518647561,1,20
0.55,41,-27.884650469011,nan,nan,nan,34.476224853213,0.029005495939815,nan,nan,10,3,3,16,0.06872217282564,0.06872217282564,-2.6776833832722,1,20
0.55,41,-27.884650469011,nan,nan,nan,34.476224853213,0.029005495939815,nan,nan,10,3,3,17,0.067188006474389,0.067188006474389,-2.7002605224651,1,20
0.55,41,-27.884650469011,nan,nan,nan,34.476224853213,0.029005495939815,nan,nan,10,3,3,18,0.065710551549968,0.065710551549968,-2.7224957644085,1,20
0.55,41,-27.884650469011,nan,nan,nan,34.476224853213,0.029005495939815,nan,nan,10,3,3,19,0.064277269425956,0.064277269425956,-2.7445492183873,1,20
0.55,41,-27.884650469011,nan,nan,nan,34.476224853213,0.029005495939815,nan,nan,10,3,3,20,0.062877725516648,0.062877725516648,-2.7665633033244,1,20
0.6,41,-21.884633343953,nan,nan,nan,22.726220408031,0.044002037384387,nan,nan,10,3,3,1,0.10774797069891,0.10774797069891,-2.2279603835964,1,20
0.6,41,-21.884633343953,nan,nan,nan,22.726220408031,0.044002037384387,nan,nan,10,3,3,2,0.10192744368603,0.10192744368603,-2.2834940552291,1,20
0.6,41,-21.884633343953,nan,nan,nan,22.726220408031,0.044002037384387,nan,nan,10,3,3,3,0.095756558149149,0.095756558149149,-2.3459461608476,1,20
0.6,41,-21.884633343953,nan,nan,nan,22.726220408031,0.044002037384387,nan,nan,10,3,3,4,0.089967616105416,0.089967616105416,-2.4083054944539,1,20
0.6,41,-21.884633343953,nan,nan,nan,22.726220408031,0.044002037384387,nan,nan,10,3,3,5,0.084768617500717,0.084768617500717,-2.467829881322,1,20
0.6,41,-21.884633343953,nan,nan,nan,22.726220408031,0.044002037384387,nan,nan,10,3,3,6,0.080162032453648,0.080162032453648,-2.5237052870063,1,20
0.6,41,-21.884633343953,nan,nan,nan,22.726220408031,0.044002037384387,nan,nan,10,3,3,7,0.076081662818768,0.076081662818768,-2.575948004796,1,20
0.6,41,-21.884633343953,nan,nan,nan,22.726220408031,0.044002037384387,nan,nan,10,3,3,8,0.072448774403986,0.072448774403986,-2.6248755267977,1,20
0.6,41,-21.884633343953,nan,nan,nan,22.726220408031,0.044002037384387,nan,nan,10,3,3,9,0.069189399475841,0.069189399475841,-2.6709076148581,1,20
0.6,41,-21.884633343953,nan,nan,nan,22.726220408031,0.044002037384387,nan,nan,10,3,3,10,0.066241691417347,0.066241691417347,-2.714445234549,1,20
0.6,41,-21.884633343953,nan,nan,nan,22.726220408031,0.044002037384387,nan,nan,10,3,3,11,0.063554376423676,0.063554376423676,-2.755859417885,1,20
0.6,41,-21.884633343953,nan,nan,nan,22.726220408031,0.044002037384387,nan,nan,10,3,3,12,0.061086333010778,0.061086333010778,-2.7954671201365,1,20
0.6,41,-21.884633343953,nan,nan,nan,22.726220408031,0.044002037384387,nan,nan,10,3,3,13,0.058803079537408,0.058803079537408,-2.8335610523638,1,20
0.6,41,-21.884633343953,nan,nan,nan,22.726220408031,0.044002037384387,nan,nan,10,3,3,14,0.056677018756027,0.056677018756027,-2.8703864633548,1,20
0.6,41,-21.884633343953,nan,nan,nan,22.726220408031,0.044002037384387,nan,nan,10,3,3,15,0.054684549175444,0.054684549175444,-2.9061740742548,1,20
0.6,41,-21.884633343953,nan,nan,nan,22.726220408031,0.044002037384387,nan,nan,10,3,3,16,0.052806547279817,0.052806547279817,-2.9411200944458,1,20
0.6,41,-21.884633343953,nan,nan,nan,22.726220408031,0.044002037384387,nan,nan,10,3,3,17,0.051025837930937,0.051025837930937,-2.9754231484527,1,20
0.6,41,-21.884633343953,nan,nan,nan,22.726220408031,0.044002037384387,nan,nan,10,3,3,18,0.04932701258653,0.04932701258653,-3.0092834253406,1,20
0.6,41,-21.884633343953,nan,nan,nan,22.726220408031,0.044002037384387,nan,nan,10,3,3,19,0.047696219712255,0.047696219712255,-3.0429031355438,1,20
0.6,41,-21.884633343953,nan,nan,nan,22.726220408031,0.044002037384387,nan,nan,10,3,3,20,0.046120606554121,0.046120606554121,-3.0764954320173,1,20
0.65,41,-17.122092877866,nan,nan,nan,13.384035228091,0.074715882240144,nan,nan,10,3,3,1,0.10504585220091,0.10504585220091,-2.2533583365172,1,20
0.65,41,-17.122092877866,nan,nan,nan,13.384035228091,0.074715882240144,nan,nan,10,3,3,2,0.095306063863802,0.095306063863802,-2.3506618411353,1,20
0.65,41,-17.122092877866,nan,nan,nan,13.384035228091,0.074715882240144,nan,nan,10,3,3,3,0.085787488782022,0.085787488782022,-2.4558821015121,1,20
0.65,41,-17.122092877866,nan,nan,nan,13.384035228091,0.074715882240144,nan,nan,10,3,3,4,0.077407935816068,0.077407935816068,-2.5586659737189,1,20
0.65,41,-17.122092877866,nan,nan,nan,13.384035228091,0.074715882240144,nan,nan,10,3,3,5,0.07023990057946,0.07023990057946,-2.6558387450968,1,20
0.65,41,-17.122092877866,nan,nan,nan,13.384035228091,0.074715882240144,nan,nan,10,3,3,6,0.064121053374098,0.064121053374098,-2.7469825232083,1,20
0.65,41,-17.122092877866,nan,nan,nan,13.384035228091,0.074715882240144,nan,nan,10,3,3,7,0.058858533126737,0.058858533126737,-2.8326184578816,1,20
0.65,41,-17.122092877866,nan,nan,nan,13.384035228091,0.074715882240144,nan,nan,10,3,3,8,0.054285434664715,0.054285434664715,-2.9134993262434,1,20
0.65,41,-17.122092877866,nan,nan,nan,13.384035228091,0.074715882240144,nan,nan,10,3,3,9,0.050269545860102,0.050269545860102,-2.9903558353327,1,20
0.65,41,-17.122092877866,nan,nan,nan,13.384035228091,0.074715882240144,nan,nan,10,3,3,10,0.046708677383642,0.046708677383642,-3.0638253203552,1,20
0.65,41,-17.122092877866,nan,nan,nan,13.384035228091,0.074715882240144,nan,nan,10,3,3,11,0.043524010187843,0.043524010187843,-3.1344425348193,1,20
0.65,41,-17.122092877866,nan,nan,nan,13.384035228091,0.074715882240144,nan,nan,10,3,3,12,0.040654159405917,0.040654159405917,-3.2026541258141,1,20
0.65,41,-17.122092877866,nan,nan,nan,13.384035228091,0.074715882240144,nan,nan,10,3,3,13,0.038050681417011,0.038050681417011,-3.268836286372,1,20
0.65,41,-17.122092877866,nan,nan,nan,13.384035228091,0.074715882240144,nan,nan,10,3,3,14,0.035674819348042,0.035674819348042,-3.3333101794571,1,20
0.65,41,-17.122092877866,nan,nan,nan,13.384035228091,0.074715882240144,nan,nan,10,3,3,15,0.033494965295371,0.033494965295371,-3.3963601411362,1,20
0.65,41,-17.122092877866,nan,nan,nan,13.384035228091,0.074715882240144,nan,nan,10,3,3,16,0.031485091025501,0.031485091025501,-3.4582411459705,1,20
0.65,41,-17.122092877866,nan,nan,nan,13.384035228091,0.074715882240144,nan,nan,10,3,3,17,0.029623271809795,0.029623271809795,-3.5191950167628,1,20
0.65,41,-17.122092877866,nan,nan,nan,13.384035228091,0.074715882240144,nan,nan,10,3,3,18,0.027890799184624,0.027890799184624,-3.5794584228725,1,20
0.65,41,-17.122092877866,nan,nan,nan,13.384035228091,0.074715882240144,nan,nan,10,3,3,19,0.026271418825517,0.026271418825517,-3.6392736673973,1,20
0.65,41,-17.122092877866,nan,nan,nan,13.384035228091,0.074715882240144,nan,nan,10,3,3,20,0.024750679424355,0.024750679424355,-3.6989023388551,1,20
0.7,41,-13.331262728261,nan,nan,nan,7.3118097673415,0.13676504611301,nan,nan,10,3,3,1,0.10056418989795,0.10056418989795,-2.2969590499163,1,20
0.7,41,-13.331262728261,nan,nan,nan,7.3118097673415,0.13676504611301,nan,nan,10,3,3,2,0.084870282500363,0.084870282500363,-2.4666312763816,1,20
0.7,41,-13.331262728261,nan,nan,nan,7.3118097673415,0.13676504611301,nan,nan,10,3,3,3,0.070939478652334,0.070939478652334,-2.6459281787991,1,20
0.7,41,-13.331262728261,nan,nan,nan,7.3118097673415,0.13676504611301,nan,nan,10,3,3,4,0.059596579487501,0.059596579487501,-2.8201570977071,1,20
0.7,41,-13.331262728261,nan,nan,nan,7.3118097673415,0.13676504611301,nan,nan,10,3,3,5,0.050495243192725,0.050495243192725,-2.9858761413408,1,20
0.7,41,-13.331262728261,nan,nan,nan,7.3118097673415,0.13676504611301,nan,nan,10,3,3,6,0.043142229993402,0.043142229993402,-3.143252947345,1,20
0.7,41,-13.331262728261,nan,nan,nan,7.3118097673415,0.13676504611301,nan,nan,10,3,3,7,0.037127077920899,0.037127077920899,-3.2934087124923,1,20
0.7,41,-13.331262728261,nan,nan,nan,7.3118097673415,0.13676504611301,nan,nan,10,3,3,8,0.032143832359062,0.032143832359062,-3.4375346862336,1,20
0.7,41,-13.331262728261,nan,nan,nan,7.3118097673415,0.13676504611301,nan,nan,10,3,3,9,0.027969009300443,0.027969009300443,-3.5766581924727,1,20
0.7,41,-13.331262728261,nan,nan,nan,7.3118097673415,0.13676504611301,nan,nan,10,3,3,10,0.024438090570696,0.024438090570696,-3.7116122749528,1,20
0.7,41,-13.331262728261,nan,nan,nan,7.3118097673415,0.13676504611301,nan,nan,10,3,3,11,0.021427891025727,0.021427891025727,-3.843061886578,1,20
0.7,41,-13.331262728261,nan,nan,nan,7.3118097673415,0.13676504611301,nan,nan,10,3,3,12,0.018844407589098,0.018844407589098,-3.9715390887297,1,20
0.7,41,-13.331262728261,nan,nan,nan,7.3118097673415,0.13676504611301,nan,nan,10,3,3,13,0.016614585583899,0.016614585583899,-4.0974743197738,1,20
0.7,41,-13.331262728261,nan,nan,nan,7.3118097673415,0.13676504611301,nan,nan,10,3,3,14,0.014680696326244,0.014680696326244,-4.2212218232528,1,20
0.7,41,-13.331262728261,nan,nan,nan,7.3118097673415,0.13676504611301,nan,nan,10,3,3,15,0.01299643696599,0.01299643696599,-4.3430800386265,1,20
0.7,41,-13.331262728261,nan,nan,nan,7.3118097673415,0.13676504611301,nan,nan,10,3,3,16,0.011524175756002,0.011524175756002,-4.4633082105743,1,20
0.7,41,-13.331262728261,nan,nan,nan,7.3118097673415,0.13676504611301,nan,nan,10,3,3,17,0.010232969610486,0.010232969610486,-4.582140456638,1,20
0.7,41,-13.331262728261,nan,nan,nan,7.3118097673415,0.13676504611301,nan,nan,10,3,3,18,0.0090971101801112,0.0090971101801112,-4.6997984785182,1,20
0.7,41,-13.331262728261,nan,nan,nan,7.3118097673415,0.13676504611301,nan,nan,10,3,3,19,0.0080950398417192,0.0080950398417192,-4.8165037700958,1,20
0.7,41,-13.331262728261,nan,nan,nan,7.3118097673415,0.13676504611301,nan,nan,10,3,3,20,0.0072085036358835,0.0072085036358835,-4.9324938893241,1,20
0.75,41,-10.338305478569,nan,nan,nan,4.2946220310659,0.23284936200819,nan,nan,10,3,3,1,0.0943335442221,0.0943335442221,-2.3609184344395,1,20
0.75,41,-10.338305478569,nan,nan,nan,4.2946220310659,0.23284936200819,nan,nan,10,3,3,2,0.071648718021397,0.071648718021397,-2.6359800171025,1,20
0.75,41,-10.338305478569,nan,nan,nan,4.2946220310659,0.23284936200819,nan,nan,10,3,3,3,0.053826925043004,0.053826925043004,-2.9219814715221,1,20
0.75,41,-10.338305478569,nan,nan,nan,4.2946220310659,0.23284936200819,nan,nan,10,3,3,4,0.04076531481876,0.04076531481876,-3.1999236861261,1,20
0.75,41,-10.338305478569,nan,nan,nan,4.2946220310659,0.23284936200819,nan,nan,10,3,3,5,0.03122480065963,0.03122480065963,-3.4665426069899,1,20
0.75,41,-10.338305478569,nan,nan,nan,4.2946220310659,0.23284936200819,nan,nan,10,3,3,6,0.024166114616834,0.024166114616834,-3.7228038494919,1,20
0.75,41,-10.338305478569,nan,nan,nan,4.2946220310659,0.23284936200819,nan,nan,10,3,3,7,0.018864539925302,0.018864539925302,-3.9704713136024,1,20
0.75,41,-10.338305478569,nan,nan,nan,4.2946220310659,0.23284936200819,nan,nan,10,3,3,8,0.014829243440594,0.014829243440594,-4.2111541396027,1,20
0.75,41,-10.338305478569,nan,nan,nan,4.2946220310659,0.23284936200819,nan,nan,10,3,3,9,0.011723691760794,0.011723691760794,-4.4461435477796,1,20
0.75,41,-10.338305478569,nan,nan,nan,4.2946220310659,0.23284936200819,nan,nan,10,3,3,10,0.0093121011967092,0.0093121011967092,-4.6764405207079,1,20
0.75,41,-10.338305478569,nan,nan,nan,4.2946220310659,0.23284936200819,nan,nan,10,3,3,11,0.0074256376628635,0.0074256376628635,-4.9028167174606,1,20
0.75,41,-10.338305478569,nan,nan,nan,4.2946220310659,0.23284936200819,nan,nan,10,3,3,12,0.0059410322261934,0.0059410322261934,-5.1258723852514,1,20
0.75,41,-10.338305478569,nan,nan,nan,4.2946220310659,0.23284936200819,nan,nan,10,3,3,13,0.0047667852983005,0.0047667852983005,-5.3460831429387,1,20
0.75,41,-10.338305478569,nan,nan,nan,4.2946220310659,0.23284936200819,nan,nan,10,3,3,14,0.0038340448655464,0.0038340448655464,-5.5638349324067,1,20
0.75,41,-10.338305478569,nan,nan,nan,4.2946220310659,0.23284936200819,nan,nan,10,3,3,15,0.0030904177974836,0.0030904177974836,-5.7794489876708,1,20
0.75,41,-10.338305478569,nan,nan,nan,4.2946220310659,0.23284936200819,nan,nan,10,3,3,16,0.0024956666780474,0.0024956666780474,-5.9931993798415,1,20
0.75,41,-10.338305478569,nan,nan,nan,4.2946220310659,0.23284936200819,nan,nan,10,3,3,17,0.002018651492257,0.002018651492257,-6.2053255685891,1,20
0.75,41,-10.338305478569,nan,nan,nan,4.2946220310659,0.23284936200819,nan,nan,10,3,3,18,0.0016351152155465,0.0016351152155465,-6.4160420088915,1,20
0.75,41,-10.338305478569,nan,nan,nan,4.2946220310659,0.23284936200819,nan,nan,10,3,3,19,0.0013260554878687,0.0013260554878687,-6.6255465420392,1,20
0.75,41,-10.338305478569,nan,nan,nan,4.2946220310659,0.23284936200819,nan,nan,10,3,3,20,0.0010765119047811,0.0010765119047811,-6.8340291824369,1,20
0.8,41,-7.9992248006039,nan,nan,nan,2.8210886483155,0.35447308633748,nan,nan,10,3,3,1,0.08696198259457,0.08696198259457,-2.4422842375035,1,20
0.8,41,-7.9992248006039,nan,nan,nan,2.8210886483155,0.35447308633748,nan,nan,10,3,3,2,0.057940947805067,0.057940947805067,-2.8483309283856,1,20
0.8,41,-7.9992248006039,nan,nan,nan,2.8210886483155,0.35447308633748,nan,nan,10,3,3,3,0.03820745732803,0.03820745732803,-3.2647245644109,1,20
0.8,41,-7.9992248006039,nan,nan,nan,2.8210886483155,0.35447308633748,nan,nan,10,3,3,4,0.025486328237685,0.025486328237685,-3.669613118138,1,20
0.8,41,-7.9992248006039,nan,nan,nan,2.8210886483155,0.35447308633748,nan,nan,10,3,3,5,0.017239919633492,0.017239919633492,-4.0605276753879,1,20
0.8,41,-7.9992248006039,nan,nan,nan,2.8210886483155,0.35447308633748,nan,nan,10,3,3,6,0.011802491016248,0.011802491016248,-4.4394446667177,1,20
0.8,41,-7.9992248006039,nan,nan,nan,2.8210886483155,0.35447308633748,nan,nan,10,3,3,7,0.0081582892964905,0.0081582892964905,-4.8087207770226,1,20
0.8,41,-7.9992248006039,nan,nan,nan,2.8210886483155,0.35447308633748,nan,nan,10,3,3,8,0.0056828702484889,0.0056828702484889,-5.1702988484448,1,20
0.8,41,-7.9992248006039,nan,nan,nan,2.8210886483155,0.35447308633748,nan,nan,10,3,3,9,0.0039831147179562,0.0039831147179562,-5.5256911733003,1,20
0.8,41,-7.9992248006039,nan,nan,nan,2.8210886483155,0.35447308633748,nan,nan,10,3,3,10,0.0028057721816518,0.0028057721816518,-5.8760764903158,1,20
0.8,41,-7.9992248006039,nan,nan,nan,2.8210886483155,0.35447308633748,nan,nan,10,3,3,11,0.0019845013733853,0.0019845013733853,-6.2223875936853,1,20
0.8,41,-7.9992248006039,nan,nan,nan,2.8210886483155,0.35447308633748,nan,nan,10,3,3,12,0.0014082962646735,0.0014082962646735,-6.5653746281294,1,20
0.8,41,-7.9992248006039,nan,nan,nan,2.8210886483155,0.35447308633748,nan,nan,10,3,3,13,0.0010021093440822,0.0010021093440822,-6.9056481564427,1,20
0.8,41,-7.9992248006039,nan,nan,nan,2.8210886483155,0.35447308633748,nan,nan,10,3,3,14,0.00071465650323596,0.00071465650323596,-7.2437085457612,1,20
0.8,41,-7.9992248006039,nan,nan,nan,2.8210886483155,0.35447308633748,nan,nan,10,3,3,15,0.00051057811454716,0.00051057811454716,-7.579966916302,1,20
0.8,41,-7.9992248006039,nan,nan,nan,2.8210886483155,0.35447308633748,nan,nan,10,3,3,16,0.00036531118067419,0.00036531118067419,-7.9147610178036,1,20
0.8,41,-7.9992248006039,nan,nan,nan,2.8210886483155,0.35447308633748,nan,nan,10,3,3,17,0.00026168529107414,0.00026168529107414,-8.2483679553033,1,20
0.8,41,-7.9992248006039,nan,nan,nan,2.8210886483155,0.35447308633748,nan,nan,10,3,3,18,0.00018763446440298,0.00018763446440298,-8.5810148260957,1,20
0.8,41,-7.9992248006039,nan,nan,nan,2.8210886483155,0.35447308633748,nan,nan,10,3,3,19,0.00013464243503715,0.00013464243503715,-8.9128879227049,1,20
0.8,41,-7.9992248006039,nan,nan,nan,2.8210886483155,0.35447308633748,nan,nan,10,3,3,20,9.6676416865112e-05,9.6676416865112e-05,-9.2441410646165,1,20
0.85,41,-6.1854088768883,nan,nan,nan,2.0250842236092,0.49380662213531,nan,nan,10,3,3,1,0.07905884114867,0.07905884114867,-2.5375628790926,1,20
0.85,41,-6.1854088768883,nan,nan,nan,2.0250842236092,0.49380662213531,nan,nan,10,3,3,2,0.045395320532044,0.045395320532044,-3.0923462512285,1,20
0.85,41,-6.1854088768883,nan,nan,nan,2.0250842236092,0.49380662213531,nan,nan,10,3,3,3,0.025875478297758,0.025875478297758,-3.6544595426299,1,20
0.85,41,-6.1854088768883,nan,nan,nan,2.0250842236092,0.49380662213531,nan,nan,10,3,3,4,0.014975761299627,0.014975761299627,-4.2013222982343,1,20
0.85,41,-6.1854088768883,nan,nan,nan,2.0250842236092,0.49380662213531,nan,nan,10,3,3,5,0.0088097047735434,0.0088097047735434,-4.7319013499765,1,20
0.85,41,-6.1854088768883,nan,nan,nan,2.0250842236092,0.49380662213531,nan,nan,10,3,3,6,0.0052520556680508,0.0052520556680508,-5.2491357231974,1,20
0.85,41,-6.1854088768883,nan,nan,nan,2.0250842236092,0.49380662213531,nan,nan,10,3,3,7,0.0031639324499671,0.0031639324499671,-5.7559395788725,1,20
0.85,41,-6.1854088768883,nan,nan,nan,2.0250842236092,0.49380662213531,nan,nan,10,3,3,8,0.0019215448299857,0.0019215448299857,-6.2546258175078,1,20
0.85,41,-6.1854088768883,nan,nan,nan,2.0250842236092,0.49380662213531,nan,nan,10,3,3,9,0.0011743534863958,0.0011743534863958,-6.747037507159,1,20
0.85,41,-6.1854088768883,nan,nan,nan,2.0250842236092,0.49380662213531,nan,nan,10,3,3,10,0.00072115826226228,0.00072115826226228,-7.2346519409356,1,20
0.85,41,-6.1854088768883,nan,nan,nan,2.0250842236092,0.49380662213531,nan,nan,10,3,3,11,0.00044446597142261,0.00044446597142261,-7.7186370606706,1,20
0.85,41,-6.1854088768883,nan,nan,nan,2.0250842236092,0.49380662213531,nan,nan,10,3,3,12,0.00027468333183683,0.00027468333183683,-8.1998916444003,1,20
0.85,41,-6.1854088768883,nan,nan,nan,2.0250842236092,0.49380662213531,nan,nan,10,3,3,13,0.00017009617139997,0.00017009617139997,-8.6791465667525,1,20
0.85,41,-6.1854088768883,nan,nan,nan,2.0250842236092,0.49380662213531,nan,nan,10,3,3,14,0.00010549639993213,0.00010549639993213,-9.1568337294965,1,20
0.85,41,-6.1854088768883,nan,nan,nan,2.0250842236092,0.49380662213531,nan,nan,10,3,3,15,6.5510761347075e-05,6.5510761347075e-05,-9.6332961334429,1,20
0.85,41,-6.1854088768883,nan,nan,nan,2.0250842236092,0.49380662213531,nan,nan,10,3,3,16,4.0718542394344e-05,4.0718542394344e-05,-10.108826982179,1,20
0.85,41,-6.1854088768883,nan,nan,nan,2.0250842236092,0.49380662213531,nan,nan,10,3,3,17,2.5326460565996e-05,2.5326460565996e-05,-10.5836608366,1,20
0.85,41,-6.1854088768883,nan,nan,nan,2.0250842236092,0.49380662213531,nan,nan,10,3,3,18,1.5760916586913e-05,1.5760916586913e-05,-11.057977316158,1,20
0.85,41,-6.1854088768883,nan,nan,nan,2.0250842236092,0.49380662213531,nan,nan,10,3,3,19,9.8119335023057e-06,9.8119335023057e-06,-11.531911208771,1,20
0.85,41,-6.1854088768883,nan,nan,nan,2.0250842236092,0.49380662213531,nan,nan,10,3,3,20,6.1101278696492e-06,6.1101278696492e-06,-12.00556285707,1,20
0.9,41,-4.7864193096049,nan,nan,nan,1.5578550479234,0.64190824514321,nan,nan,10,3,3,1,0.071074011594131,0.071074011594131,-2.6440335280612,1,20
0.9,41,-4.7864193096049,nan,nan,nan,1.5578550479234,0.64190824514321,nan,nan,10,3,3,2,0.034761840817234,0.034761840817234,-3.3592350220691,1,20
0.9,41,-4.7864193096049,nan,nan,nan,1.5578550479234,0.64190824514321,nan,nan,10,3,3,3,0.016967534068578,0.016967534068578,-4.0764535215158,1,20
0.9,41,-4.7864193096049,nan,nan,nan,1.5578550479234,0.64190824514321,nan,nan,10,3,3,4,0.0084415445992433,0.0084415445992433,-4.7745899777294,1,20
0.9,41,-4.7864193096049,nan,nan,nan,1.5578550479234,0.64190824514321,nan,nan,10,3,3,5,0.0042774553160005,0.0042774553160005,-5.4543969985411,1,20
0.9,41,-4.7864193096049,nan,nan,nan,1.5578550479234,0.64190824514321,nan,nan,10,3,3,6,0.0021987892300002,0.0021987892300002,-6.1198484201159,1,20
0.9,41,-4.7864193096049,nan,nan,nan,1.5578550479234,0.64190824514321,nan,nan,10,3,3,7,0.0011427594377501,0.0011427594377501,-6.7743093819809,1,20
0.9,41,-4.7864193096049,nan,nan,nan,1.5578550479234,0.64190824514321,nan,nan,10,3,3,8,0.00059894200121763,0.00059894200121763,-7.4203457905507,1,20
0.9,41,-4.7864193096049,nan,nan,nan,1.5578550479234,0.64190824514321,nan,nan,10,3,3,9,0.00031593882851644,0.00031593882851644,-8.0599619437607,1,20
0.9,41,-4.7864193096049,nan,nan,nan,1.5578550479234,0.64190824514321,nan,nan,10,3,3,10,0.00016746529755008,0.00016746529755008,-8.6947344069691,1,20
0.9,41,-4.7864193096049,nan,nan,nan,1.5578550479234,0.64190824514321,nan,nan,10,3,3,11,8.9087791634507e-05,8.9087791634507e-05,-9.3258882515678,1,20
0.9,41,-4.7864193096049,nan,nan,nan,1.5578550479234,0.64190824514321,nan,nan,10,3,3,12,4.7519997649874e-05,4.7519997649874e-05,-9.9543599323654,1,20
0.9,41,-4.7864193096049,nan,nan,nan,1.5578550479234,0.64190824514321,nan,nan,10,3,3,13,2.5397615970999e-05,2.5397615970999e-05,-10.580855247754,1,20
0.9,41,-4.7864193096049,nan,nan,nan,1.5578550479234,0.64190824514321,nan,nan,10,3,3,14,1.3593748954373e-05,1.3593748954373e-05,-11.205900506595,1,20
0.9,41,-4.7864193096049,nan,nan,nan,1.5578550479234,0.64190824514321,nan,nan,10,3,3,15,7.2836011508387e-06,7.2836011508387e-06,-11.829885154485,1,20
0.9,41,-4.7864193096049,nan,nan,nan,1.5578550479234,0.64190824514321,nan,nan,10,3,3,16,3.9056131261729e-06,3.9056131261729e-06,-12.453095776454,1,20
0.9,41,-4.7864193096049,nan,nan,nan,1.5578550479234,0.64190824514321,nan,nan,10,3,3,17,2.0954495759457e-06,2.0954495759457e-06,-13.075742432889,1,20
0.9,41,-4.7864193096049,nan,nan,nan,1.5578550479234,0.64190824514321,nan,nan,10,3,3,18,1.1247175080935e-06,1.1247175080935e-06,-13.697978657757,1,20
0.9,41,-4.7864193096049,nan,nan,nan,1.5578550479234,0.64190824514321,nan,nan,10,3,3,19,6.0386423414934e-07,6.0386423414934e-07,-14.319916442176,1,20
0.9,41,-4.7864193096049,nan,nan,nan,1.5578550479234,0.64190824514321,nan,nan,10,3,3,20,3.2428685439035e-07,3.2428685439035e-07,-14.941637359791,1,20
0.95,41,-3.7111317128649,nan,nan,nan,1.2444336806393,0.80357837911161,nan,nan,10,3,3,1,0.063324538991703,0.063324538991703,-2.7594823631572,1,20
0.95,41,-3.7111317128649,nan,nan,nan,1.2444336806393,0.80357837911161,nan,nan,10,3,3,2,0.026198863920994,0.026198863920994,-3.6420392309494,1,20
0.95,41,-3.7111317128649,nan,nan,nan,1.2444336806393,0.80357837911161,nan,nan,10,3,3,3,0.010894323472572,0.010894323472572,-4.5195134077341,1,20
0.95,41,-3.7111317128649,nan,nan,nan,1.2444336806393,0.80357837911161,nan,nan,10,3,3,4,0.0046349892744316,0.0046349892744316,-5.3741213940055,1,20
0.95,41,-3.7111317128649,nan,nan,nan,1.2444336806393,0.80357837911161,nan,nan,10,3,3,5,0.002011672167961,0.002011672167961,-6.2087889784097,1,20
0.95,41,-3.7111317128649,nan,nan,nan,1.2444336806393,0.80357837911161,nan,nan,10,3,3,6,0.0008863339281656,0.0008863339281656,-7.0284167842738,1,20
0.95,41,-3.7111317128649,nan,nan,nan,1.2444336806393,0.80357837911161,nan,nan,10,3,3,7,0.00039460772537496,0.00039460772537496,-7.8376183868306,1,20
0.95,41,-3.7111317128649,nan,nan,nan,1.2444336806393,0.80357837911161,nan,nan,10,3,3,8,0.00017690239144399,0.00017690239144399,-8.6399124382693,1,20
0.95,41,-3.7111317128649,nan,nan,nan,1.2444336806393,0.80357837911161,nan,nan,10,3,3,9,7.9660715819661e-05,7.9660715819661e-05,-9.4377339943152,1,20
0.95,41,-3.7111317128649,nan,nan,nan,1.2444336806393,0.80357837911161,nan,nan,10,3,3,10,3.5974712762559e-05,3.5974712762559e-05,-10.232694289585,1,20
0.95,41,-3.7111317128649,nan,nan,nan,1.2444336806393,0.80357837911161,nan,nan,10,3,3,11,1.6275715989319e-05,1.6275715989319e-05,-11.025836377638,1,20
0.95,41,-3.7111317128649,nan,nan,nan,1.2444336806393,0.80357837911161,nan,nan,10,3,3,12,7.3719545542241e-06,7.3719545542241e-06,-11.817827682822,1,20
0.95,41,-3.7111317128649,nan,nan,nan,1.2444336806393,0.80357837911161,nan,nan,10,3,3,13,3.3414944096674e-06,3.3414944096674e-06,-12.609092422998,1,20
0.95,41,-3.7111317128649,nan,nan,nan,1.2444336806393,0.80357837911161,nan,nan,10,3,3,14,1.5152969358e-06,1.5152969358e-06,-13.39989914098,1,20
0.95,41,-3.7111317128649,nan,nan,nan,1.2444336806393,0.80357837911161,nan,nan,10,3,3,15,6.8735330526548e-07,6.8735330526548e-07,-14.190417404332,1,20
0.95,41,-3.7111317128649,nan,nan,nan,1.2444336806393,0.80357837911161,nan,nan,10,3,3,16,3.1184670039385e-07,3.1184670039385e-07,-14.980754114778,1,20
0.95,41,-3.7111317128649,nan,nan,nan,1.2444336806393,0.80357837911161,nan,nan,10,3,3,17,1.4149851706174e-07,1.4149851706174e-07,-15.770976600047,1,20
0.95,41,-3.7111317128649,nan,nan,nan,1.2444336806393,0.80357837911161,nan,nan,10,3,3,18,6.420869256232e-08,6.420869256232e-08,-16.561127237249,1,20
0.95,41,-3.7111317128649,nan,nan,nan,1.2444336806393,0.80357837911161,nan,nan,10,3,3,19,2.9137708156948e-08,2.9137708156948e-08,-17.351232688656,1,20
0.95,41,-3.7111317128649,nan,nan,nan,1.2444336806393,0.80357837911161,nan,nan,10,3,3,20,1.3222978501346e-08,1.3222978501346e-08,-18.141309725226,1,20
1,41,-2.8862283775339,nan,nan,nan,1.036144704929,0.96511616113366,nan,nan,10,3,3,1,0.056026384125093,0.056026384125093,-2.88193255411,1,20
1,41,-2.8862283775339,nan,nan,nan,1.036144704929,0.96511616113366,nan,nan,10,3,3,2,0.019544426780826,0.019544426780826,-3.935065108342,1,20
1,41,-2.8862283775339,nan,nan,nan,1.036144704929,0.96511616113366,nan,nan,10,3,3,3,0.0069092637463407,0.0069092637463407,-4.9748921958893,1,20
1,41,-2.8862283775339,nan,nan,nan,1.036144704929,0.96511616113366,nan,nan,10,3,3,4,0.0025077708000923,0.0025077708000923,-5.9883610479106,1,20
1,41,-2.8862283775339,nan,nan,nan,1.036144704929,0.96511616113366,nan,nan,10,3,3,5,0.00092952571215112,0.00092952571215112,-6.9808360888388,1,20
1,41,-2.8862283775339,nan,nan,nan,1.036144704929,0.96511616113366,nan,nan,10,3,3,6,0.00034961296575023,0.00034961296575023,-7.9586838274844,1,20
1,41,-2.8862283775339,nan,nan,nan,1.036144704929,0.96511616113366,nan,nan,10,3,3,7,0.0001327516731846,0.0001327516731846,-8.9270302938945,1,20
1,41,-2.8862283775339,nan,nan,nan,1.036144704929,0.96511616113366,nan,nan,10,3,3,8,5.0707956229926e-05,5.0707956229926e-05,-9.889427732067,1,20
1,41,-2.8862283775339,nan,nan,nan,1.036144704929,0.96511616113366,nan,nan,10,3,3,9,1.9440178576719e-05,1.9440178576719e-05,-10.848168572929,1,20
1,41,-2.8862283775339,nan,nan,nan,1.036144704929,0.96511616113366,nan,nan,10,3,3,10,7.4694952142337e-06,7.4694952142337e-06,-11.804683136172,1,20
1,41,-2.8862283775339,nan,nan,nan,1.036144704929,0.96511616113366,nan,nan,10,3,3,11,2.8738751226144e-06,2.8738751226144e-06,-12.759849221977,1,20
1,41,-2.8862283775339,nan,nan,nan,1.036144704929,0.96511616113366,nan,nan,10,3,3,12,1.106619239565e-06,1.106619239565e-06,-13.714200920437,1,20
1,41,-2.8862283775339,nan,nan,nan,1.036144704929,0.96511616113366,nan,nan,10,3,3,13,4.2632595189196e-07,4.2632595189196e-07,-14.668061637965,1,20
1,41,-2.8862283775339,nan,nan,nan,1.036144704929,0.96511616113366,nan,nan,10,3,3,14,1.6429098891061e-07,1.6429098891061e-07,-15.621626658747,1,20
1,41,-2.8862283775339,nan,nan,nan,1.036144704929,0.96511616113366,nan,nan,10,3,3,15,6.332322282304e-08,6.332322282304e-08,-16.575013705834,1,20
1,41,-2.8862283775339,nan,nan,nan,1.036144704929,0.96511616113366,nan,nan,10,3,3,16,2.4409494177278e-08,2.4409494177278e-08,-17.528293674703,1,20
1,41,-2.8862283775339,nan,nan,nan,1.036144704929,0.96511616113366,nan,nan,10,3,3,17,9.4098461377232e-09,9.4098461377232e-09,-18.481509234416,1,20
1,41,-2.8862283775339,nan,nan,nan,1.036144704929,0.96511616113366,nan,nan,10,3,3,18,3.6276308633887e-09,3.6276308633887e-09,-19.434686056455,1,20
1,41,-2.8862283775339,nan,nan,nan,1.036144704929,0.96511616113366,nan,nan,10,3,3,19,1.3985363906904e-09,1.3985363906904e-09,-20.387839582395,1,20
1,41,-2.8862283775339,nan,nan,nan,1.036144704929,0.96511616113366,nan,nan,10,3,3,20,5.3917598308603e-10,5.3917598308603e-10,-21.340979099077,1,20
1.05,41,-2.2536936413684,nan,nan,nan,0.88843624917931,1.1255731639988,nan,nan,10,3,3,1,0.049314026150107,0.049314026150107,-3.0095467323103,1,20
1.05,41,-2.2536936413684,nan,nan,nan,0.88843624917931,1.1255731639988,nan,nan,10,3,3,2,0.014499324287805,0.014499324287805,-4.2336532314825,1,20
1.05,41,-2.2536936413684,nan,nan,nan,0.88843624917931,1.1255731639988,nan,nan,10,3,3,3,0.0043578372866549,0.0043578372866549,-5.4357793798582,1,20
1.05,41,-2.2536936413684,nan,nan,nan,0.88843624917931,1.1255731639988,nan,nan,10,3,3,4,0.0013491379473407,0.0013491379473407,-6.6082894480219,1,20
1.05,41,-2.2536936413684,nan,nan,nan,0.88843624917931,1.1255731639988,nan,nan,10,3,3,5,0.00042687980912386,0.00042687980912386,-7.7590080618196,1,20
1.05,41,-2.2536936413684,nan,nan,nan,0.88843624917931,1.1255731639988,nan,nan,10,3,3,6,0.00013702523321938,0.00013702523321938,-8.8953454650129,1,20
1.05,41,-2.2536936413684,nan,nan,nan,0.88843624917931,1.1255731639988,nan,nan,10,3,3,7,4.4379345636186e-05,4.4379345636186e-05,-10.022736385134,1,20
1.05,41,-2.2536936413684,nan,nan,nan,0.88843624917931,1.1255731639988,nan,nan,10,3,3,8,1.4451240533602e-05,1.4451240533602e-05,-11.144730297014,1,20
1.05,41,-2.2536936413684,nan,nan,nan,0.88843624917931,1.1255731639988,nan,nan,10,3,3,9,4.7208661478325e-06,4.7208661478325e-06,-12.263518269305,1,20
1.05,41,-2.2536936413684,nan,nan,nan,0.88843624917931,1.1255731639988,nan,nan,10,3,3,10,1.5451077743937e-06,1.5451077743937e-06,-13.380416893158,1,20
1.05,41,-2.2536936413684,nan,nan,nan,0.88843624917931,1.1255731639988,nan,nan,10,3,3,11,5.0626437002464e-07,5.0626437002464e-07,-14.496206833695,1,20
1.05,41,-2.2536936413684,nan,nan,nan,0.88843624917931,1.1255731639988,nan,nan,10,3,3,12,1.6598842841544e-07,1.6598842841544e-07,-15.61134775936,1,20
1.05,41,-2.2536936413684,nan,nan,nan,0.88843624917931,1.1255731639988,nan,nan,10,3,3,13,5.4443123519049e-08,5.4443123519049e-08,-16.726109285367,1,20
1.05,41,-2.2536936413684,nan,nan,nan,0.88843624917931,1.1255731639988,nan,nan,10,3,3,14,1.7860947658561e-08,1.7860947658561e-08,-17.840649202516,1,20
1.05,41,-2.2536936413684,nan,nan,nan,0.88843624917931,1.1255731639988,nan,nan,10,3,3,15,5.8603310688904e-09,5.8603310688904e-09,-18.955059738556,1,20
1.05,41,-2.2536936413684,nan,nan,nan,0.88843624917931,1.1255731639988,nan,nan,10,3,3,16,1.9229704065989e-09,1.9229704065989e-09,-20.069394759642,1,20
1.05,41,-2.2536936413684,nan,nan,nan,0.88843624917931,1.1255731639988,nan,nan,10,3,3,17,6.3101864073729e-10,6.3101864073729e-10,-21.183685712243,1,20
1.05,41,-2.2536936413684,nan,nan,nan,0.88843624917931,1.1255731639988,nan,nan,10,3,3,18,2.0707274684157e-10,2.0707274684157e-10,-22.297950950384,1,20
1.05,41,-2.2536936413684,nan,nan,nan,0.88843624917931,1.1255731639988,nan,nan,10,3,3,19,6.7953247458804e-11,6.7953247458804e-11,-23.412201184585,1,20
1.05,41,-2.2536936413684,nan,nan,nan,0.88843624917931,1.1255731639988,nan,nan,10,3,3,20,2.2299816538708e-11,2.2299816538708e-11,-24.52644266446,1,20
1.1,41,-1.7682081889487,nan,nan,nan,0.78038611195299,1.2814169610187,nan,nan,10,3,3,1,0.043255132923184,0.043255132923184,-3.1406393723414,1,20
1.1,41,-1.7682081889487,nan,nan,nan,0.78038611195299,1.2814169610187,nan,nan,10,3,3,2,0.010736797560998,0.010736797560998,-4.5340784130436,1,20
1.1,41,-1.7682081889487,nan,nan,nan,0.78038611195299,1.2814169610187,nan,nan,10,3,3,3,0.0027476914007811,0.0027476914007811,-5.8969942104983,1,20
1.1,41,-1.7682081889487,nan,nan,nan,0.78038611195299,1.2814169610187,nan,nan,10,3,3,4,0.00072638998426356,0.00072638998426356,-7.2274235189557,1,20
1.1,41,-1.7682081889487,nan,nan,nan,0.78038611195299,1.2814169610187,nan,nan,10,3,3,5,0.00019648323869597,0.00019648323869597,-8.5349334295503,1,20
1.1,41,-1.7682081889487,nan,nan,nan,0.78038611195299,1.2814169610187,nan,nan,10,3,3,6,5.3949276845112e-05,5.3949276845112e-05,-9.8274662705184,1,20
1.1,41,-1.7682081889487,nan,nan,nan,0.78038611195299,1.2814169610187,nan,nan,10,3,3,7,1.4951853286484e-05,1.4951853286484e-05,-11.11067530016,1,20
1.1,41,-1.7682081889487,nan,nan,nan,0.78038611195299,1.2814169610187,nan,nan,10,3,3,8,4.1673285144306e-06,4.1673285144306e-06,-12.388235371475,1,20
1.1,41,-1.7682081889487,nan,nan,nan,0.78038611195299,1.2814169610187,nan,nan,10,3,3,9,1.1654280348151e-06,1.1654280348151e-06,-13.662422126567,1,20
1.1,41,-1.7682081889487,nan,nan,nan,0.78038611195299,1.2814169610187,nan,nan,10,3,3,10,3.2657367326464e-07,3.2657367326464e-07,-14.934610268157,1,20
1.1,41,-1.7682081889487,nan,nan,nan,0.78038611195299,1.2814169610187,nan,nan,10,3,3,11,9.1619701688536e-08,9.1619701688536e-08,-16.205619504458,1,20
1.1,41,-1.7682081889487,nan,nan,nan,0.78038611195299,1.2814169610187,nan,nan,10,3,3,12,2.5721589961166e-08,2.5721589961166e-08,-17.475935121402,1,20
1.1,41,-1.7682081889487,nan,nan,nan,0.78038611195299,1.2814169610187,nan,nan,10,3,3,13,7.2240994923287e-09,7.2240994923287e-09,-18.745843248456,1,20
1.1,41,-1.7682081889487,nan,nan,nan,0.78038611195299,1.2814169610187,nan,nan,10,3,3,14,2.0294273223319e-09,2.0294273223319e-09,-20.015512190918,1,20
1.1,41,-1.7682081889487,nan,nan,nan,0.78038611195299,1.2814169610187,nan,nan,10,3,3,15,5.7019608185262e-10,5.7019608185262e-10,-21.285040811005,1,20
1.1,41,-1.7682081889487,nan,nan,nan,0.78038611195299,1.2814169610187,nan,nan,10,3,3,16,1.6021777491164e-10,1.6021777491164e-10,-22.554487132945,1,20
1.1,41,-1.7682081889487,nan,nan,nan,0.78038611195299,1.2814169610187,nan,nan,10,3,3,17,4.502130939535e-11,4.502130939535e-11,-23.823885196125,1,20
1.1,41,-1.7682081889487,nan,nan,nan,0.78038611195299,1.2814169610187,nan,nan,10,3,3,18,1.2651378127413e-11,1.2651378127413e-11,-25.09325496381,1,20
1.1,41,-1.7682081889487,nan,nan,nan,0.78038611195299,1.2814169610187,nan,nan,10,3,3,19,3.5552058783339e-12,3.5552058783339e-12,-26.36260814202,1,20
1.1,41,-1.7682081889487,nan,nan,nan,0.78038611195299,1.2814169610187,nan,nan,10,3,3,20,9.9906995441883e-13,9.9906995441883e-13,-27.63195159427,1,20
1.15,41,-1.3947546062156,nan,nan,nan,0.69657593355092,1.4355936687366,nan,nan,10,3,3,1,0.037865139399675,0.037865139399675,-3.2737243949316,1,20
1.15,41,-1.3947546062156,nan,nan,nan,0.69657593355092,1.4355936687366,nan,nan,10,3,3,2,0.0079588508430534,0.0079588508430534,-4.8334706559983,1,20
1.15,41,-1.3947546062156,nan,nan,nan,0.69657593355092,1.4355936687366,nan,nan,10,3,3,3,0.0017389007830917,0.0017389007830917,-6.354502099239,1,20
1.15,41,-1.3947546062156,nan,nan,nan,0.69657593355092,1.4355936687366,nan,nan,10,3,3,4,0.00039341877853475,0.00039341877853475,-7.8406359192015,1,20
1.15,41,-1.3947546062156,nan,nan,nan,0.69657593355092,1.4355936687366,nan,nan,10,3,3,5,9.1151644866483e-05,9.1151644866483e-05,-9.3029860112922,1,20
1.15,41,-1.3947546062156,nan,nan,nan,0.69657593355092,1.4355936687366,nan,nan,10,3,3,6,2.1447075348535e-05,2.1447075348535e-05,-10.749922269274,1,20
1.15,41,-1.3947546062156,nan,nan,nan,0.69657593355092,1.4355936687366,nan,nan,10,3,3,7,5.0949694338942e-06,5.0949694338942e-06,-12.187256890543,1,20
1.15,41,-1.3947546062156,nan,nan,nan,0.69657593355092,1.4355936687366,nan,nan,10,3,3,8,1.2174473463886e-06,1.2174473463886e-06,-13.618754230244,1,20
1.15,41,-1.3947546062156,nan,nan,nan,0.69657593355092,1.4355936687366,nan,nan,10,3,3,9,2.9193007622735e-07,2.9193007622735e-07,-15.046751528329,1,20
1.15,41,-1.3947546062156,nan,nan,nan,0.69657593355092,1.4355936687366,nan,nan,10,3,3,10,7.0147432750705e-08,7.0147432750705e-08,-16.472666627636,1,20
1.15,41,-1.3947546062156,nan,nan,nan,0.69657593355092,1.4355936687366,nan,nan,10,3,3,11,1.6876417100064e-08,1.6876417100064e-08,-17.897348627414,1,20
1.15,41,-1.3947546062156,nan,nan,nan,0.69657593355092,1.4355936687366,nan,nan,10,3,3,12,4.0631702807286e-09,4.0631702807286e-09,-19.321302310721,1,20
1.15,41,-1.3947546062156,nan,nan,nan,0.69657593355092,1.4355936687366,nan,nan,10,3,3,13,9.7867011258295e-10,9.7867011258295e-10,-20.744826493837,1,20
1.15,41,-1.3947546062156,nan,nan,nan,0.69657593355092,1.4355936687366,nan,nan,10,3,3,14,2.3578573481476e-10,2.3578573481476e-10,-22.168097626624,1,20
1.15,41,-1.3947546062156,nan,nan,nan,0.69657593355092,1.4355936687366,nan,nan,10,3,3,15,5.6815056307726e-11,5.6815056307726e-11,-23.591219749488,1,20
1.15,41,-1.3947546062156,nan,nan,nan,0.69657593355092,1.4355936687366,nan,nan,10,3,3,16,1.3691387159495e-11,1.3691387159495e-11,-25.014254155283,1,20
1.15,41,-1.3947546062156,nan,nan,nan,0.69657593355092,1.4355936687366,nan,nan,10,3,3,17,3.2995436837725e-12,3.2995436837725e-12,-26.437236934662,1,20
1.15,41,-1.3947546062156,nan,nan,nan,0.69657593355092,1.4355936687366,nan,nan,10,3,3,18,7.9519475744461e-13,7.9519475744461e-13,-27.860189332341,1,20
1.15,41,-1.3947546062156,nan,nan,nan,0.69657593355092,1.4355936687366,nan,nan,10,3,3,19,1.916465026611e-13,1.916465026611e-13,-29.283123851823,1,20
1.15,41,-1.3947546062156,nan,nan,nan,0.69657593355092,1.4355936687366,nan,nan,10,3,3,20,4.6188393504055e-14,4.6188393504055e-14,-30.706047851241,1,20
