g,N,E0,E1,gap,xi_gap,xi_corr,i0,comp_i,comp_j,r,corr,abs_corr,log_abs_corr,rMin,rMax
0.6,35,-18.598359097533,nan,nan,nan,1.260615336126,17,0,0,1,0.0021668148696635,0.0021668148696635,-6.1344969917047,1,8
0.6,35,-18.598359097533,nan,nan,nan,1.260615336126,17,0,0,2,0.00062963568850638,0.00062963568850638,-7.3703691780547,1,8
0.6,35,-18.598359097533,nan,nan,nan,1.260615336126,17,0,0,3,0.00021745809927254,0.00021745809927254,-8.4335043730172,1,8
0.6,35,-18.598359097533,nan,nan,nan,1.260615336126,17,0,0,4,8.7247523939203e-05,8.7247523939203e-05,-9.3467613762047,1,8
0.6,35,-18.598359097533,nan,nan,nan,1.260615336126,17,0,0,5,4.0341136324798e-05,4.0341136324798e-05,-10.118138857149,1,8
0.6,35,-18.598359097533,nan,nan,nan,1.260615336126,17,0,0,6,2.1277401803382e-05,2.1277401803382e-05,-10.757864996651,1,8
0.6,35,-18.598359097533,nan,nan,nan,1.260615336126,17,0,0,7,1.2415331877038e-05,1.2415331877038e-05,-11.296578407421,1,8
0.6,35,-18.598359097533,nan,nan,nan,1.260615336126,17,0,0,8,7.945767036905e-06,7.945767036905e-06,-11.742871219287,1,8
0.7,35,-11.330664560769,nan,nan,nan,1.1348211196616,17,0,0,1,0.0087124871725714,0.0087124871725714,-4.7429979751983,1,8
0.7,35,-11.330664560769,nan,nan,nan,1.1348211196616,17,0,0,2,0.0017277261722051,0.0017277261722051,-6.3609490863163,1,8
0.7,35,-11.330664560769,nan,nan,nan,1.1348211196616,17,0,0,3,0.00049100944825451,0.00049100944825451,-7.619047187474,1,8
0.7,35,-11.330664560769,nan,nan,nan,1.1348211196616,17,0,0,4,0.00018349845621386,0.00018349845621386,-8.6033043035085,1,8
0.7,35,-11.330664560769,nan,nan,nan,1.1348211196616,17,0,0,5,8.3464410971675e-05,8.3464410971675e-05,-9.3910902328714,1,8
0.7,35,-11.330664560769,nan,nan,nan,1.1348211196616,17,0,0,6,4.3279711599314e-05,4.3279711599314e-05,-10.04782658705,1,8
0.7,35,-11.330664560769,nan,nan,nan,1.1348211196616,17,0,0,7,2.4506300107755e-05,2.4506300107755e-05,-10.616580326215,1,8
0.7,35,-11.330664560769,nan,nan,nan,1.1348211196616,17,0,0,8,1.4751454726701e-05,1.4751454726701e-05,-11.124168854503,1,8
0.8,35,-6.7994857032056,nan,nan,nan,0.78951389891768,17,0,0,1,0.018535895761331,0.018535895761331,-3.9880461154473,1,8
0.8,35,-6.7994857032056,nan,nan,nan,0.78951389891768,17,0,0,2,0.0021380131464808,0.0021380131464808,-6.1478783174362,1,8
0.8,35,-6.7994857032056,nan,nan,nan,0.78951389891768,17,0,0,3,0.0004096361206143,0.0004096361206143,-7.8002413030335,1,8
0.8,35,-6.7994857032056,nan,nan,nan,0.78951389891768,17,0,0,4,0.00010799785100466,0.00010799785100466,-9.133399229143,1,8
0.8,35,-6.7994857032056,nan,nan,nan,0.78951389891768,17,0,0,5,3.4449176778348e-05,3.4449176778348e-05,-10.276025456919,1,8
0.8,35,-6.7994857032056,nan,nan,nan,0.78951389891768,17,0,0,6,1.2320059040213e-05,1.2320059040213e-05,-11.304281807645,1,8
0.8,35,-6.7994857032056,nan,nan,nan,0.78951389891768,17,0,0,7,4.7499271465089e-06,4.7499271465089e-06,-12.257381277612,1,8
0.8,35,-6.7994857032056,nan,nan,nan,0.78951389891768,17,0,0,8,1.9292538446375e-06,1.9292538446375e-06,-13.158377238796,1,8
0.9,35,-4.0686528665662,nan,nan,nan,0.5471148165139,17,0,0,1,0.023594076953803,0.023594076953803,-3.7467595749842,1,8
0.9,35,-4.0686528665662,nan,nan,nan,0.5471148165139,17,0,0,2,0.0013366565887746,0.0013366565887746,-6.6175838659303,1,8
0.9,35,-4.0686528665662,nan,nan,nan,0.5471148165139,17,0,0,3,0.00014994280908466,0.00014994280908466,-8.8052566093399,1,8
0.9,35,-4.0686528665662,nan,nan,nan,0.5471148165139,17,0,0,4,2.3024206125163e-05,2.3024206125163e-05,-10.678964455238,1,8
0.9,35,-4.0686528665662,nan,nan,nan,0.5471148165139,17,0,0,5,4.2463688348275e-06,4.2463688348275e-06,-12.369446332034,1,8
0.9,35,-4.0686528665662,nan,nan,nan,0.5471148165139,17,0,0,6,8.7366491162682e-07,8.7366491162682e-07,-13.950568931114,1,8
0.9,35,-4.0686528665662,nan,nan,nan,0.5471148165139,17,0,0,7,1.9335514028513e-07,1.9335514028513e-07,-15.458737233857,1,8
0.9,35,-4.0686528665662,nan,nan,nan,0.5471148165139,17,0,0,8,4.492561537367e-08,4.492561537367e-08,-16.91825770657,1,8
1,35,-2.4533979974332,nan,nan,nan,0.40327423932008,17,0,0,1,0.023338173781044,0.023338173781044,-3.7576648993562,1,8
1,35,-2.4533979974332,nan,nan,nan,0.40327423932008,17,0,0,2,0.00060337281309388,0.00060337281309388,-7.4129752884462,1,8
1,35,-2.4533979974332,nan,nan,nan,0.40327423932008,17,0,0,3,3.9229992000787e-05,3.9229992000787e-05,-10.146069001648,1,8
1,35,-2.4533979974332,nan,nan,nan,0.40327423932008,17,0,0,4,3.240153775085e-06,3.240153775085e-06,-12.63988976784,1,8
1,35,-2.4533979974332,nan,nan,nan,0.40327423932008,17,0,0,5,3.1623465903243e-07,3.1623465903243e-07,-14.96678130707,1,8
1,35,-2.4533979974332,nan,nan,nan,0.40327423932008,17,0,0,6,3.3561111081621e-08,3.3561111081621e-08,-17.209897848577,1,8
1,35,-2.4533979974332,nan,nan,nan,0.40327423932008,17,0,0,7,3.7225346923887e-09,3.7225346923887e-09,-19.408861031766,1,8
1,35,-2.4533979974332,nan,nan,nan,0.40327423932008,17,0,0,8,4.2207730279603e-10,4.2207730279603e-10,-21.585832636687,1,8
1.1,35,-1.5030212733486,nan,nan,nan,0.32177540906739,17,0,0,1,0.020348297326313,0.020348297326313,-3.8947580400626,1,8
1.1,35,-1.5030212733486,nan,nan,nan,0.32177540906739,17,0,0,2,0.00023824561483767,0.00023824561483767,-8.3422084213174,1,8
1.1,35,-1.5030212733486,nan,nan,nan,0.32177540906739,17,0,0,3,8.9937817399747e-06,8.9937817399747e-06,-11.618977137202,1,8
1.1,35,-1.5030212733486,nan,nan,nan,0.32177540906739,17,0,0,4,4.0807363486505e-07,4.0807363486505e-07,-14.711818201216,1,8
1.1,35,-1.5030212733486,nan,nan,nan,0.32177540906739,17,0,0,5,2.130226829742e-08,2.130226829742e-08,-17.664452277064,1,8
1.1,35,-1.5030212733486,nan,nan,nan,0.32177540906739,17,0,0,6,1.1996448992611e-09,1.1996448992611e-09,-20.541240241227,1,8
1.1,35,-1.5030212733486,nan,nan,nan,0.32177540906739,17,0,0,7,7.0172412151848e-11,7.0172412151848e-11,-23.380065871427,1,8
1.1,35,-1.5030212733486,nan,nan,nan,0.32177540906739,17,0,0,8,4.1792405040125e-12,4.1792405040125e-12,-26.200891583506,1,8
1.2,35,-0.94055986166545,nan,nan,nan,0.25427793693329,17,0,0,1,0.016670483099038,0.016670483099038,-4.0941156024931,1,8
1.2,35,-0.94055986166545,nan,nan,nan,0.25427793693329,17,0,0,2,9.1572643389162e-05,9.1572643389162e-05,-9.2983779838466,1,8
1.2,35,-0.94055986166545,nan,nan,nan,0.25427793693329,17,0,0,3,2.0885337201842e-06,2.0885337201842e-06,-13.079048307492,1,8
1.2,35,-0.94055986166545,nan,nan,nan,0.25427793693329,17,0,0,4,4.535073317173e-08,4.535073317173e-08,-16.908839493554,1,8
1.2,35,-0.94055986166545,nan,nan,nan,0.25427793693329,17,0,0,5,9.9190890982641e-10,9.9190890982641e-10,-20.731389837632,1,8
1.2,35,-0.94055986166545,nan,nan,nan,0.25427793693329,17,0,0,6,2.1709865892852e-11,2.1709865892852e-11,-24.553254309264,1,8
1.2,35,-0.94055986166545,nan,nan,nan,0.25427793693329,17,0,0,7,4.7521849736581e-13,4.7521849736581e-13,-28.375001702187,1,8
1.2,35,-0.94055986166545,nan,nan,nan,0.25427793693329,17,0,0,8,1.0401618802391e-14,1.0401618802391e-14,-32.1968149468,1,8
1.3,35,-0.60275562908392,nan,nan,nan,0.21961008188431,17,0,0,1,0.013282794020762,0.013282794020762,-4.3212857639337,1,8
1.3,35,-0.60275562908392,nan,nan,nan,0.21961008188431,17,0,0,2,3.5976879470072e-05,3.5976879470072e-05,-10.232634062773,1,8
1.3,35,-0.60275562908392,nan,nan,nan,0.21961008188431,17,0,0,3,4.9924581558278e-07,4.9924581558278e-07,-14.510167246092,1,8
1.3,35,-0.60275562908392,nan,nan,nan,0.21961008188431,17,0,0,4,5.9631905185249e-09,5.9631905185249e-09,-18.937660177203,1,8
1.3,35,-0.60275562908392,nan,nan,nan,0.21961008188431,17,0,0,5,7.2112387730031e-11,7.2112387730031e-11,-23.352795273219,1,8
1.3,35,-0.60275562908392,nan,nan,nan,0.21961008188431,17,0,0,6,8.7201106795456e-13,8.7201106795456e-13,-27.767974278474,1,8
1.3,35,-0.60275562908392,nan,nan,nan,0.21961008188431,17,0,0,7,1.0545438220572e-14,1.0545438220572e-14,-32.183083024653,1,8
1.3,35,-0.60275562908392,nan,nan,nan,0.21961008188431,17,0,0,8,1.2761059570154e-16,1.2761059570154e-16,-36.597548268016,1,8
1.4,35,-0.39574116060238,nan,nan,nan,0.19359451024074,17,0,0,1,0.010485831758449,0.010485831758449,-4.5577302893579,1,8
1.4,35,-0.39574116060238,nan,nan,nan,0.19359451024074,17,0,0,2,1.4760647347646e-05,1.4760647347646e-05,-11.123545881512,1,8
1.4,35,-0.39574116060238,nan,nan,nan,0.19359451024074,17,0,0,3,1.2596679076558e-07,1.2596679076558e-07,-15.887247530087,1,8
1.4,35,-0.39574116060238,nan,nan,nan,0.19359451024074,17,0,0,4,8.4459449892595e-10,8.4459449892595e-10,-20.89216448668,1,8
1.4,35,-0.39574116060238,nan,nan,nan,0.19359451024074,17,0,0,5,5.7781874310226e-12,5.7781874310226e-12,-25.876931075674,1,8
1.4,35,-0.39574116060238,nan,nan,nan,0.19359451024074,17,0,0,6,3.9488540475724e-14,3.9488540475724e-14,-30.862765879634,1,8
1.4,35,-0.39574116060238,nan,nan,nan,0.19359451024074,17,0,0,7,2.6922095195531e-16,2.6922095195531e-16,-35.850999248708,1,8
1.4,35,-0.39574116060238,nan,nan,nan,0.19359451024074,17,0,0,8,1.1655173354219e-18,1.1655173354219e-18,-41.293366620703,1,8
1.5,35,-0.26596884538532,nan,nan,nan,0.17346120414812,17,0,0,1,0.0082813018995436,0.0082813018995436,-4.7937550887006,1,8
1.5,35,-0.26596884538532,nan,nan,nan,0.17346120414812,17,0,0,2,6.3699058431633e-06,6.3699058431633e-06,-11.963925869782,1,8
1.5,35,-0.26596884538532,nan,nan,nan,0.17346120414812,17,0,0,3,3.4281279372617e-08,3.4281279372617e-08,-17.188666422658,1,8
1.5,35,-0.26596884538532,nan,nan,nan,0.17346120414812,17,0,0,4,1.3485509787309e-10,1.3485509787309e-10,-22.72682026303,1,8
1.5,35,-0.26596884538532,nan,nan,nan,0.17346120414812,17,0,0,5,5.4543260234957e-13,5.4543260234957e-13,-28.237197149334,1,8
1.5,35,-0.26596884538532,nan,nan,nan,0.17346120414812,17,0,0,6,2.2011608031072e-15,2.2011608031072e-15,-33.749791535922,1,8
1.5,35,-0.26596884538532,nan,nan,nan,0.17346120414812,17,0,0,7,8.5516446354794e-18,8.5516446354794e-18,-39.300408054415,1,8
1.5,35,-0.26596884538532,nan,nan,nan,0.17346120414812,17,0,0,8,-3.4558944247975e-19,3.4558944247975e-19,-42.509035464792,1,8
