g,N,E0,E1,gap,xi_gap,xi_corr,m_corr,xi_transfer,m_transfer,i0,comp_i,comp_j,r,corr,abs_corr,log_abs_corr,rMin,rMax
0.8,53,-10.398702995653,nan,nan,nan,2.8851885237591,0.34659780176067,nan,nan,13,1,1,1,0.086962334477509,0.086962334477509,-2.442280191112,1,26
0.8,53,-10.398702995653,nan,nan,nan,2.8851885237591,0.34659780176067,nan,nan,13,1,1,2,0.057941600874184,0.057941600874184,-2.848319657161,1,26
0.8,53,-10.398702995653,nan,nan,nan,2.8851885237591,0.34659780176067,nan,nan,13,1,1,3,0.038208171740546,0.038208171740546,-3.2647058663376,1,26
0.8,53,-10.398702995653,nan,nan,nan,2.8851885237591,0.34659780176067,nan,nan,13,1,1,4,0.02548698832649,0.02548698832649,-3.6695872187519,1,26
0.8,53,-10.398702995653,nan,nan,nan,2.8851885237591,0.34659780176067,nan,nan,13,1,1,5,0.017240484748946,0.017240484748946,-4.0604948964536,1,26
0.8,53,-10.398702995653,nan,nan,nan,2.8851885237591,0.34659780176067,nan,nan,13,1,1,6,0.011802954333182,0.011802954333182,-4.4394054116283,1,26
0.8,53,-10.398702995653,nan,nan,nan,2.8851885237591,0.34659780176067,nan,nan,13,1,1,7,0.0081586598980643,0.0081586598980643,-4.8086753516714,1,26
0.8,53,-10.398702995653,nan,nan,nan,2.8851885237591,0.34659780176067,nan,nan,13,1,1,8,0.005683163622719,0.005683163622719,-5.1702472254717,1,26
0.8,53,-10.398702995653,nan,nan,nan,2.8851885237591,0.34659780176067,nan,nan,13,1,1,9,0.0039833459065544,0.0039833459065544,-5.5256331328205,1,26
0.8,53,-10.398702995653,nan,nan,nan,2.8851885237591,0.34659780176067,nan,nan,13,1,1,10,0.0028059535464211,0.0028059535464211,-5.8760118525276,1,26
0.8,53,-10.398702995653,nan,nan,nan,2.8851885237591,0.34659780176067,nan,nan,13,1,1,11,0.0019846427111088,0.0019846427111088,-6.2223163754475,1,26
0.8,53,-10.398702995653,nan,nan,nan,2.8851885237591,0.34659780176067,nan,nan,13,1,1,12,0.0014084054769958,0.0014084054769958,-6.5652970818839,1,26
0.8,53,-10.398702995653,nan,nan,nan,2.8851885237591,0.34659780176067,nan,nan,13,1,1,13,0.0010021929642993,0.0010021929642993,-6.9055647157194,1,26
0.8,53,-10.398702995653,nan,nan,nan,2.8851885237591,0.34659780176067,nan,nan,13,1,1,14,0.00071471998781151,0.00071471998781151,-7.243619717414,1,26
0.8,53,-10.398702995653,nan,nan,nan,2.8851885237591,0.34659780176067,nan,nan,13,1,1,15,0.00051062599611323,0.00051062599611323,-7.5798731415794,1,26
0.8,53,-10.398702995653,nan,nan,nan,2.8851885237591,0.34659780176067,nan,nan,13,1,1,16,0.00036534717554698,0.00036534717554698,-7.9146624905713,1,26
0.8,53,-10.398702995653,nan,nan,nan,2.8851885237591,0.34659780176067,nan,nan,13,1,1,17,0.00026171240689007,0.00026171240689007,-8.2482643407248,1,26
0.8,53,-10.398702995653,nan,nan,nan,2.8851885237591,0.34659780176067,nan,nan,13,1,1,18,0.00018765511887437,0.00018765511887437,-8.5809047539151,1,26
0.8,53,-10.398702995653,nan,nan,nan,2.8851885237591,0.34659780176067,nan,nan,13,1,1,19,0.00013465858252998,0.00013465858252998,-8.9127680011911,1,26
0.8,53,-10.398702995653,nan,nan,nan,2.8851885237591,0.34659780176067,nan,nan,13,1,1,20,9.6689678007802e-05,9.6689678007802e-05,-9.2440039036243,1,26
0.8,53,-10.398702995653,nan,nan,nan,2.8851885237591,0.34659780176067,nan,nan,13,1,1,21,6.9461772164549e-05,6.9461772164549e-05,-9.5747339975193,1,26
0.8,53,-10.398702995653,nan,nan,nan,2.8851885237591,0.34659780176067,nan,nan,13,1,1,22,4.9921604681356e-05,4.9921604681356e-05,-9.9050566893605,1,26
0.8,53,-10.398702995653,nan,nan,nan,2.8851885237591,0.34659780176067,nan,nan,13,1,1,23,3.5890010995812e-05,3.5890010995812e-05,-10.235051546429,1,26
0.8,53,-10.398702995653,nan,nan,nan,2.8851885237591,0.34659780176067,nan,nan,13,1,1,24,2.5809114360567e-05,2.5809114360567e-05,-10.564782858632,1,26
0.8,53,-10.398702995653,nan,nan,nan,2.8851885237591,0.34659780176067,nan,nan,13,1,1,25,1.856369805393e-05,1.856369805393e-05,-10.894302601858,1,26
0.8,53,-10.398702995653,nan,nan,nan,2.8851885237591,0.34659780176067,nan,nan,13,1,1,26,1.3354556295037e-05,1.3354556295037e-05,-11.223652935838,1,26
0.85,53,-8.0405960466838,nan,nan,nan,2.0538181044986,0.4868980353273,nan,nan,13,1,1,1,0.079058864026915,0.079058864026915,-2.5375625897102,1,26
0.85,53,-8.0405960466838,nan,nan,nan,2.0538181044986,0.4868980353273,nan,nan,13,1,1,2,0.04539535572657,0.04539535572657,-3.0923454759391,1,26
0.85,53,-8.0405960466838,nan,nan,nan,2.0538181044986,0.4868980353273,nan,nan,13,1,1,3,0.025875512263464,0.025875512263464,-3.6544582299708,1,26
0.85,53,-8.0405960466838,nan,nan,nan,2.0538181044986,0.4868980353273,nan,nan,13,1,1,4,0.014975780376273,0.014975780376273,-4.2013210244003,1,26
0.85,53,-8.0405960466838,nan,nan,nan,2.0538181044986,0.4868980353273,nan,nan,13,1,1,5,0.0088097309973274,0.0088097309973274,-4.7318983732882,1,26
0.85,53,-8.0405960466838,nan,nan,nan,2.0538181044986,0.4868980353273,nan,nan,13,1,1,6,0.0052520730695661,0.0052520730695661,-5.2491324099259,1,26
0.85,53,-8.0405960466838,nan,nan,nan,2.0538181044986,0.4868980353273,nan,nan,13,1,1,7,0.0031639426921021,0.0031639426921021,-5.7559363417243,1,26
0.85,53,-8.0405960466838,nan,nan,nan,2.0538181044986,0.4868980353273,nan,nan,13,1,1,8,0.0019215615410685,0.0019215615410685,-6.254617120854,1,26
0.85,53,-8.0405960466838,nan,nan,nan,2.0538181044986,0.4868980353273,nan,nan,13,1,1,9,0.0011743834630902,0.0011743834630902,-6.7470119813594,1,26
0.85,53,-8.0405960466838,nan,nan,nan,2.0538181044986,0.4868980353273,nan,nan,13,1,1,10,0.00072120077376094,0.00072120077376094,-7.2345929937558,1,26
0.85,53,-8.0405960466838,nan,nan,nan,2.0538181044986,0.4868980353273,nan,nan,13,1,1,11,0.00044450306802679,0.00044450306802679,-7.7185536008366,1,26
0.85,53,-8.0405960466838,nan,nan,nan,2.0538181044986,0.4868980353273,nan,nan,13,1,1,12,0.00027471019675992,0.00027471019675992,-8.1997938459309,1,26
0.85,53,-8.0405960466838,nan,nan,nan,2.0538181044986,0.4868980353273,nan,nan,13,1,1,13,0.00017012124698102,0.00017012124698102,-8.6789991575973,1,26
0.85,53,-8.0405960466838,nan,nan,nan,2.0538181044986,0.4868980353273,nan,nan,13,1,1,14,0.00010551252274443,0.00010551252274443,-9.156680913093,1,26
0.85,53,-8.0405960466838,nan,nan,nan,2.0538181044986,0.4868980353273,nan,nan,13,1,1,15,6.5516369433628e-05,6.5516369433628e-05,-9.6332105315294,1,26
0.85,53,-8.0405960466838,nan,nan,nan,2.0538181044986,0.4868980353273,nan,nan,13,1,1,16,4.0716562868443e-05,4.0716562868443e-05,-10.108875598213,1,26
0.85,53,-8.0405960466838,nan,nan,nan,2.0538181044986,0.4868980353273,nan,nan,13,1,1,17,2.5320443646801e-05,2.5320443646801e-05,-10.583898439246,1,26
0.85,53,-8.0405960466838,nan,nan,nan,2.0538181044986,0.4868980353273,nan,nan,13,1,1,18,1.5753656395839e-05,1.5753656395839e-05,-11.058438067519,1,26
0.85,53,-8.0405960466838,nan,nan,nan,2.0538181044986,0.4868980353273,nan,nan,13,1,1,19,9.8051647977791e-06,9.8051647977791e-06,-11.532601290933,1,26
0.85,53,-8.0405960466838,nan,nan,nan,2.0538181044986,0.4868980353273,nan,nan,13,1,1,20,6.1046469165641e-06,6.1046469165641e-06,-12.006460287199,1,26
0.85,53,-8.0405960466838,nan,nan,nan,2.0538181044986,0.4868980353273,nan,nan,13,1,1,21,3.801630633081e-06,3.801630633081e-06,-12.480080469306,1,26
0.85,53,-8.0405960466838,nan,nan,nan,2.0538181044986,0.4868980353273,nan,nan,13,1,1,22,2.3678215718932e-06,2.3678215718932e-06,-12.953540193489,1,26
0.85,53,-8.0405960466838,nan,nan,nan,2.0538181044986,0.4868980353273,nan,nan,13,1,1,23,1.4749256992111e-06,1.4749256992111e-06,-13.426902942857,1,26
0.85,53,-8.0405960466838,nan,nan,nan,2.0538181044986,0.4868980353273,nan,nan,13,1,1,24,9.1875105503083e-07,9.1875105503083e-07,-13.900250638087,1,26
0.85,53,-8.0405960466838,nan,nan,nan,2.0538181044986,0.4868980353273,nan,nan,13,1,1,25,5.722896506205e-07,5.722896506205e-07,-14.373620591531,1,26
0.85,53,-8.0405960466838,nan,nan,nan,2.0538181044986,0.4868980353273,nan,nan,13,1,1,26,3.564826063777e-07,3.564826063777e-07,-14.846980388247,1,26
0.9,53,-6.2219521956822,nan,nan,nan,1.5752087292437,0.6348365022584,nan,nan,13,1,1,1,0.071074012707441,0.071074012707441,-2.6440335123971,1,26
0.9,53,-6.2219521956822,nan,nan,nan,1.5752087292437,0.6348365022584,nan,nan,13,1,1,2,0.03476184221895,0.03476184221895,-3.3592349817456,1,26
0.9,53,-6.2219521956822,nan,nan,nan,1.5752087292437,0.6348365022584,nan,nan,13,1,1,3,0.016967535154182,0.016967535154182,-4.0764534575346,1,26
0.9,53,-6.2219521956822,nan,nan,nan,1.5752087292437,0.6348365022584,nan,nan,13,1,1,4,0.0084415453300756,0.0084415453300756,-4.7745898911538,1,26
0.9,53,-6.2219521956822,nan,nan,nan,1.5752087292437,0.6348365022584,nan,nan,13,1,1,5,0.0042774557681511,0.0042774557681511,-5.4543968928356,1,26
0.9,53,-6.2219521956822,nan,nan,nan,1.5752087292437,0.6348365022584,nan,nan,13,1,1,6,0.0021987895097394,0.0021987895097394,-6.1198482928917,1,26
0.9,53,-6.2219521956822,nan,nan,nan,1.5752087292437,0.6348365022584,nan,nan,13,1,1,7,0.0011427596116548,0.0011427596116548,-6.7743092298014,1,26
0.9,53,-6.2219521956822,nan,nan,nan,1.5752087292437,0.6348365022584,nan,nan,13,1,1,8,0.00059894210778952,0.00059894210778952,-7.4203456126172,1,26
0.9,53,-6.2219521956822,nan,nan,nan,1.5752087292437,0.6348365022584,nan,nan,13,1,1,9,0.00031593889208144,0.00031593889208144,-8.0599617425667,1,26
0.9,53,-6.2219521956822,nan,nan,nan,1.5752087292437,0.6348365022584,nan,nan,13,1,1,10,0.00016746533444675,0.00016746533444675,-8.6947341866449,1,26
0.9,53,-6.2219521956822,nan,nan,nan,1.5752087292437,0.6348365022584,nan,nan,13,1,1,11,8.9087812588385e-05,8.9087812588385e-05,-9.325888016363,1,26
0.9,53,-6.2219521956822,nan,nan,nan,1.5752087292437,0.6348365022584,nan,nan,13,1,1,12,4.7520009360129e-05,4.7520009360129e-05,-9.9543596859375,1,26
0.9,53,-6.2219521956822,nan,nan,nan,1.5752087292437,0.6348365022584,nan,nan,13,1,1,13,2.5397622441103e-05,2.5397622441103e-05,-10.580854993002,1,26
0.9,53,-6.2219521956822,nan,nan,nan,1.5752087292437,0.6348365022584,nan,nan,13,1,1,14,1.3593752500633e-05,1.3593752500633e-05,-11.205900245721,1,26
0.9,53,-6.2219521956822,nan,nan,nan,1.5752087292437,0.6348365022584,nan,nan,13,1,1,15,7.283603083756e-06,7.283603083756e-06,-11.829884889105,1,26
0.9,53,-6.2219521956822,nan,nan,nan,1.5752087292437,0.6348365022584,nan,nan,13,1,1,16,3.905614175831e-06,3.905614175831e-06,-12.453095507698,1,26
0.9,53,-6.2219521956822,nan,nan,nan,1.5752087292437,0.6348365022584,nan,nan,13,1,1,17,2.0954501448276e-06,2.0954501448276e-06,-13.075742161404,1,26
0.9,53,-6.2219521956822,nan,nan,nan,1.5752087292437,0.6348365022584,nan,nan,13,1,1,18,1.1247178167474e-06,1.1247178167474e-06,-13.697978383329,1,26
0.9,53,-6.2219521956822,nan,nan,nan,1.5752087292437,0.6348365022584,nan,nan,13,1,1,19,6.0386440324378e-07,6.0386440324378e-07,-14.319916162156,1,26
0.9,53,-6.2219521956822,nan,nan,nan,1.5752087292437,0.6348365022584,nan,nan,13,1,1,20,3.2428695054868e-07,3.2428695054868e-07,-14.941637063269,1,26
0.9,53,-6.2219521956822,nan,nan,nan,1.5752087292437,0.6348365022584,nan,nan,13,1,1,21,1.7417584748619e-07,1.7417584748619e-07,-15.563200430325,1,26
0.9,53,-6.2219521956822,nan,nan,nan,1.5752087292437,0.6348365022584,nan,nan,13,1,1,22,9.356126206062e-08,9.356126206062e-08,-16.184649406003,1,26
0.9,53,-6.2219521956822,nan,nan,nan,1.5752087292437,0.6348365022584,nan,nan,13,1,1,23,5.0262059067898e-08,5.0262059067898e-08,-16.806015337347,1,26
0.9,53,-6.2219521956822,nan,nan,nan,1.5752087292437,0.6348365022584,nan,nan,13,1,1,24,2.700291560046e-08,2.700291560046e-08,-17.42732099157,1,26
0.9,53,-6.2219521956822,nan,nan,nan,1.5752087292437,0.6348365022584,nan,nan,13,1,1,25,1.4507749245717e-08,1.4507749245717e-08,-18.048582899538,1,26
0.9,53,-6.2219521956822,nan,nan,nan,1.5752087292437,0.6348365022584,nan,nan,13,1,1,26,7.7947682803058e-09,7.7947682803058e-09,-18.669813061587,1,26
0.95,53,-4.8241728656161,nan,nan,nan,1.2521327473092,0.79863736664419,nan,nan,13,1,1,1,0.063324539036449,0.063324539036449,-2.7594823624506,1,26
0.95,53,-4.8241728656161,nan,nan,nan,1.2521327473092,0.79863736664419,nan,nan,13,1,1,2,0.026198863966901,0.026198863966901,-3.6420392291971,1,26
0.95,53,-4.8241728656161,nan,nan,nan,1.2521327473092,0.79863736664419,nan,nan,13,1,1,3,0.010894323502173,0.010894323502173,-4.519513405017,1,26
0.95,53,-4.8241728656161,nan,nan,nan,1.2521327473092,0.79863736664419,nan,nan,13,1,1,4,0.0046349892917525,0.0046349892917525,-5.3741213902685,1,26
0.95,53,-4.8241728656161,nan,nan,nan,1.2521327473092,0.79863736664419,nan,nan,13,1,1,5,0.0020116721765143,0.0020116721765143,-6.2087889741579,1,26
0.95,53,-4.8241728656161,nan,nan,nan,1.2521327473092,0.79863736664419,nan,nan,13,1,1,6,0.00088633393270712,0.00088633393270712,-7.0284167791499,1,26
0.95,53,-4.8241728656161,nan,nan,nan,1.2521327473092,0.79863736664419,nan,nan,13,1,1,7,0.00039460772772456,0.00039460772772456,-7.8376183808763,1,26
0.95,53,-4.8241728656161,nan,nan,nan,1.2521327473092,0.79863736664419,nan,nan,13,1,1,8,0.0001769023926052,0.0001769023926052,-8.6399124317052,1,26
0.95,53,-4.8241728656161,nan,nan,nan,1.2521327473092,0.79863736664419,nan,nan,13,1,1,9,7.9660716374928e-05,7.9660716374928e-05,-9.4377339873448,1,26
0.95,53,-4.8241728656161,nan,nan,nan,1.2521327473092,0.79863736664419,nan,nan,13,1,1,10,3.5974713022002e-05,3.5974713022002e-05,-10.232694282373,1,26
0.95,53,-4.8241728656161,nan,nan,nan,1.2521327473092,0.79863736664419,nan,nan,13,1,1,11,1.6275716108467e-05,1.6275716108467e-05,-11.025836370317,1,26
0.95,53,-4.8241728656161,nan,nan,nan,1.2521327473092,0.79863736664419,nan,nan,13,1,1,12,7.3719546087322e-06,7.3719546087322e-06,-11.817827675428,1,26
0.95,53,-4.8241728656161,nan,nan,nan,1.2521327473092,0.79863736664419,nan,nan,13,1,1,13,3.3414944345006e-06,3.3414944345006e-06,-12.609092415566,1,26
0.95,53,-4.8241728656161,nan,nan,nan,1.2521327473092,0.79863736664419,nan,nan,13,1,1,14,1.5152969471165e-06,1.5152969471165e-06,-13.399899133512,1,26
0.95,53,-4.8241728656161,nan,nan,nan,1.2521327473092,0.79863736664419,nan,nan,13,1,1,15,6.8735331042029e-07,6.8735331042029e-07,-14.190417396833,1,26
0.95,53,-4.8241728656161,nan,nan,nan,1.2521327473092,0.79863736664419,nan,nan,13,1,1,16,3.1184670273645e-07,3.1184670273645e-07,-14.980754107266,1,26
0.95,53,-4.8241728656161,nan,nan,nan,1.2521327473092,0.79863736664419,nan,nan,13,1,1,17,1.4149851812375e-07,1.4149851812375e-07,-15.770976592542,1,26
0.95,53,-4.8241728656161,nan,nan,nan,1.2521327473092,0.79863736664419,nan,nan,13,1,1,18,6.4208693044688e-08,6.4208693044688e-08,-16.561127229737,1,26
0.95,53,-4.8241728656161,nan,nan,nan,1.2521327473092,0.79863736664419,nan,nan,13,1,1,19,2.9137708377134e-08,2.9137708377134e-08,-17.3512326811,1,26
0.95,53,-4.8241728656161,nan,nan,nan,1.2521327473092,0.79863736664419,nan,nan,13,1,1,20,1.3222978604225e-08,1.3222978604225e-08,-18.141309717446,1,26
0.95,53,-4.8241728656161,nan,nan,nan,1.2521327473092,0.79863736664419,nan,nan,13,1,1,21,6.0008249460846e-09,6.0008249460846e-09,-18.931368886155,1,26
0.95,53,-4.8241728656161,nan,nan,nan,1.2521327473092,0.79863736664419,nan,nan,13,1,1,22,2.7233126273818e-09,2.7233126273818e-09,-19.721416819936,1,26
0.95,53,-4.8241728656161,nan,nan,nan,1.2521327473092,0.79863736664419,nan,nan,13,1,1,23,1.2359107496842e-09,1.2359107496842e-09,-20.511457689511,1,26
0.95,53,-4.8241728656161,nan,nan,nan,1.2521327473092,0.79863736664419,nan,nan,13,1,1,24,5.608912287349e-10,5.608912287349e-10,-21.301494117378,1,26
0.95,53,-4.8241728656161,nan,nan,nan,1.2521327473092,0.79863736664419,nan,nan,13,1,1,25,2.5454900294885e-10,2.5454900294885e-10,-22.091527752505,1,26
0.95,53,-4.8241728656161,nan,nan,nan,1.2521327473092,0.79863736664419,nan,nan,13,1,1,26,1.1552205732332e-10,1.1552205732332e-10,-22.881559631703,1,26
1,53,-3.7518891377356,nan,nan,nan,1.0409300690379,0.96067932875094,nan,nan,13,1,1,1,0.056026384126681,0.056026384126681,-2.8819325540817,1,26
1,53,-3.7518891377356,nan,nan,nan,1.0409300690379,0.96067932875094,nan,nan,13,1,1,2,0.019544426782157,0.019544426782157,-3.9350651082739,1,26
1,53,-3.7518891377356,nan,nan,nan,1.0409300690379,0.96067932875094,nan,nan,13,1,1,3,0.0069092637470627,0.0069092637470627,-4.9748921957848,1,26
1,53,-3.7518891377356,nan,nan,nan,1.0409300690379,0.96067932875094,nan,nan,13,1,1,4,0.0025077708004522,0.0025077708004522,-5.988361047767,1,26
1,53,-3.7518891377356,nan,nan,nan,1.0409300690379,0.96067932875094,nan,nan,13,1,1,5,0.00092952571231708,0.00092952571231708,-6.9808360886603,1,26
1,53,-3.7518891377356,nan,nan,nan,1.0409300690379,0.96067932875094,nan,nan,13,1,1,6,0.00034961296582204,0.00034961296582204,-7.958683827279,1,26
1,53,-3.7518891377356,nan,nan,nan,1.0409300690379,0.96067932875094,nan,nan,13,1,1,7,0.00013275167321316,0.00013275167321316,-8.9270302936794,1,26
1,53,-3.7518891377356,nan,nan,nan,1.0409300690379,0.96067932875094,nan,nan,13,1,1,8,5.0707956243919e-05,5.0707956243919e-05,-9.8894277317911,1,26
1,53,-3.7518891377356,nan,nan,nan,1.0409300690379,0.96067932875094,nan,nan,13,1,1,9,1.9440178582126e-05,1.9440178582126e-05,-10.848168572651,1,26
1,53,-3.7518891377356,nan,nan,nan,1.0409300690379,0.96067932875094,nan,nan,13,1,1,10,7.4694952142226e-06,7.4694952142226e-06,-11.804683136173,1,26
1,53,-3.7518891377356,nan,nan,nan,1.0409300690379,0.96067932875094,nan,nan,13,1,1,11,2.8738751220981e-06,2.8738751220981e-06,-12.759849222157,1,26
1,53,-3.7518891377356,nan,nan,nan,1.0409300690379,0.96067932875094,nan,nan,13,1,1,12,1.10661923913e-06,1.10661923913e-06,-13.71420092083,1,26
1,53,-3.7518891377356,nan,nan,nan,1.0409300690379,0.96067932875094,nan,nan,13,1,1,13,4.2632595165076e-07,4.2632595165076e-07,-14.668061638531,1,26
1,53,-3.7518891377356,nan,nan,nan,1.0409300690379,0.96067932875094,nan,nan,13,1,1,14,1.6429098879797e-07,1.6429098879797e-07,-15.621626659433,1,26
1,53,-3.7518891377356,nan,nan,nan,1.0409300690379,0.96067932875094,nan,nan,13,1,1,15,6.3323222779775e-08,6.3323222779775e-08,-16.575013706517,1,26
1,53,-3.7518891377356,nan,nan,nan,1.0409300690379,0.96067932875094,nan,nan,13,1,1,16,2.4409494161041e-08,2.4409494161041e-08,-17.528293675368,1,26
1,53,-3.7518891377356,nan,nan,nan,1.0409300690379,0.96067932875094,nan,nan,13,1,1,17,9.4098461314917e-09,9.4098461314917e-09,-18.481509235078,1,26
1,53,-3.7518891377356,nan,nan,nan,1.0409300690379,0.96067932875094,nan,nan,13,1,1,18,3.6276308609359e-09,3.6276308609359e-09,-19.434686057131,1,26
1,53,-3.7518891377356,nan,nan,nan,1.0409300690379,0.96067932875094,nan,nan,13,1,1,19,1.398536389876e-09,1.398536389876e-09,-20.387839582977,1,26
1,53,-3.7518891377356,nan,nan,nan,1.0409300690379,0.96067932875094,nan,nan,13,1,1,20,5.3917598278644e-10,5.3917598278644e-10,-21.340979099632,1,26
1,53,-3.7518891377356,nan,nan,nan,1.0409300690379,0.96067932875094,nan,nan,13,1,1,21,2.0786959248968e-10,2.0786959248968e-10,-22.294110192033,1,26
1,53,-3.7518891377356,nan,nan,nan,1.0409300690379,0.96067932875094,nan,nan,13,1,1,22,8.0140784735982e-11,8.0140784735982e-11,-23.247236218705,1,26
1,53,-3.7518891377356,nan,nan,nan,1.0409300690379,0.96067932875094,nan,nan,13,1,1,23,3.0897087276829e-11,3.0897087276829e-11,-24.200359199354,1,26
1,53,-3.7518891377356,nan,nan,nan,1.0409300690379,0.96067932875094,nan,nan,13,1,1,24,1.191193415298e-11,1.191193415298e-11,-25.153480348351,1,26
1,53,-3.7518891377356,nan,nan,nan,1.0409300690379,0.96067932875094,nan,nan,13,1,1,25,4.5924824654853e-12,4.5924824654853e-12,-26.106600395905,1,26
1,53,-3.7518891377356,nan,nan,nan,1.0409300690379,0.96067932875094,nan,nan,13,1,1,26,1.7705696566741e-12,1.7705696566741e-12,-27.059719781193,1,26
1.05,53,-2.9296640607635,nan,nan,nan,0.89178761032396,1.1213432306339,nan,nan,13,1,1,1,0.049314026150164,0.049314026150164,-3.0095467323091,1,26
1.05,53,-2.9296640607635,nan,nan,nan,0.89178761032396,1.1213432306339,nan,nan,13,1,1,2,0.014499324287844,0.014499324287844,-4.2336532314798,1,26
1.05,53,-2.9296640607635,nan,nan,nan,0.89178761032396,1.1213432306339,nan,nan,13,1,1,3,0.0043578372866638,0.0043578372866638,-5.4357793798562,1,26
1.05,53,-2.9296640607635,nan,nan,nan,0.89178761032396,1.1213432306339,nan,nan,13,1,1,4,0.0013491379474506,0.0013491379474506,-6.6082894479405,1,26
1.05,53,-2.9296640607635,nan,nan,nan,0.89178761032396,1.1213432306339,nan,nan,13,1,1,5,0.00042687980907475,0.00042687980907475,-7.7590080619346,1,26
1.05,53,-2.9296640607635,nan,nan,nan,0.89178761032396,1.1213432306339,nan,nan,13,1,1,6,0.00013702523318505,0.00013702523318505,-8.8953454652634,1,26
1.05,53,-2.9296640607635,nan,nan,nan,0.89178761032396,1.1213432306339,nan,nan,13,1,1,7,4.4379345621305e-05,4.4379345621305e-05,-10.022736385469,1,26
1.05,53,-2.9296640607635,nan,nan,nan,0.89178761032396,1.1213432306339,nan,nan,13,1,1,8,1.445124052813e-05,1.445124052813e-05,-11.144730297393,1,26
1.05,53,-2.9296640607635,nan,nan,nan,0.89178761032396,1.1213432306339,nan,nan,13,1,1,9,4.7208661459236e-06,4.7208661459236e-06,-12.26351826971,1,26
1.05,53,-2.9296640607635,nan,nan,nan,0.89178761032396,1.1213432306339,nan,nan,13,1,1,10,1.5451077737878e-06,1.5451077737878e-06,-13.38041689355,1,26
1.05,53,-2.9296640607635,nan,nan,nan,0.89178761032396,1.1213432306339,nan,nan,13,1,1,11,5.0626436979891e-07,5.0626436979891e-07,-14.496206834141,1,26
1.05,53,-2.9296640607635,nan,nan,nan,0.89178761032396,1.1213432306339,nan,nan,13,1,1,12,1.6598842833681e-07,1.6598842833681e-07,-15.611347759834,1,26
1.05,53,-2.9296640607635,nan,nan,nan,0.89178761032396,1.1213432306339,nan,nan,13,1,1,13,5.4443123499094e-08,5.4443123499094e-08,-16.726109285734,1,26
1.05,53,-2.9296640607635,nan,nan,nan,0.89178761032396,1.1213432306339,nan,nan,13,1,1,14,1.7860947652276e-08,1.7860947652276e-08,-17.840649202868,1,26
1.05,53,-2.9296640607635,nan,nan,nan,0.89178761032396,1.1213432306339,nan,nan,13,1,1,15,5.8603310666229e-09,5.8603310666229e-09,-18.955059738943,1,26
1.05,53,-2.9296640607635,nan,nan,nan,0.89178761032396,1.1213432306339,nan,nan,13,1,1,16,1.9229704059989e-09,1.9229704059989e-09,-20.069394759954,1,26
1.05,53,-2.9296640607635,nan,nan,nan,0.89178761032396,1.1213432306339,nan,nan,13,1,1,17,6.3101864049728e-10,6.3101864049728e-10,-21.183685712624,1,26
1.05,53,-2.9296640607635,nan,nan,nan,0.89178761032396,1.1213432306339,nan,nan,13,1,1,18,2.0707274677001e-10,2.0707274677001e-10,-22.29795095073,1,26
1.05,53,-2.9296640607635,nan,nan,nan,0.89178761032396,1.1213432306339,nan,nan,13,1,1,19,6.7953247439763e-11,6.7953247439763e-11,-23.412201184865,1,26
1.05,53,-2.9296640607635,nan,nan,nan,0.89178761032396,1.1213432306339,nan,nan,13,1,1,20,2.2299816531505e-11,2.2299816531505e-11,-24.526442664783,1,26
1.05,53,-2.9296640607635,nan,nan,nan,0.89178761032396,1.1213432306339,nan,nan,13,1,1,21,7.3180366803295e-12,7.3180366803295e-12,-25.640679037001,1,26
1.05,53,-2.9296640607635,nan,nan,nan,0.89178761032396,1.1213432306339,nan,nan,13,1,1,22,2.4015363702128e-12,2.4015363702128e-12,-26.754912429131,1,26
1.05,53,-2.9296640607635,nan,nan,nan,0.89178761032396,1.1213432306339,nan,nan,13,1,1,23,7.8810577442218e-13,7.8810577442218e-13,-27.869144082561,1,26
1.05,53,-2.9296640607635,nan,nan,nan,0.89178761032396,1.1213432306339,nan,nan,13,1,1,24,2.5863082877071e-13,2.5863082877071e-13,-28.983374721561,1,26
1.05,53,-2.9296640607635,nan,nan,nan,0.89178761032396,1.1213432306339,nan,nan,13,1,1,25,8.4874324424145e-14,8.4874324424145e-14,-30.09760476872,1,26
1.05,53,-2.9296640607635,nan,nan,nan,0.89178761032396,1.1213432306339,nan,nan,13,1,1,26,2.7853034644971e-14,2.7853034644971e-14,-31.211834470561,1,26
1.1,53,-2.2985820201489,nan,nan,nan,0.78199723997478,1.2787768918881,nan,nan,13,1,1,1,0.043255132923187,0.043255132923187,-3.1406393723413,1,26
1.1,53,-2.2985820201489,nan,nan,nan,0.78199723997478,1.2787768918881,nan,nan,13,1,1,2,0.010736797560999,0.010736797560999,-4.5340784130435,1,26
1.1,53,-2.2985820201489,nan,nan,nan,0.78199723997478,1.2787768918881,nan,nan,13,1,1,3,0.0027476914007825,0.0027476914007825,-5.8969942104978,1,26
1.1,53,-2.2985820201489,nan,nan,nan,0.78199723997478,1.2787768918881,nan,nan,13,1,1,4,0.00072638998426234,0.00072638998426234,-7.2274235189573,1,26
1.1,53,-2.2985820201489,nan,nan,nan,0.78199723997478,1.2787768918881,nan,nan,13,1,1,5,0.00019648323869857,0.00019648323869857,-8.534933429537,1,26
1.1,53,-2.2985820201489,nan,nan,nan,0.78199723997478,1.2787768918881,nan,nan,13,1,1,6,5.3949276846879e-05,5.3949276846879e-05,-9.8274662704857,1,26
1.1,53,-2.2985820201489,nan,nan,nan,0.78199723997478,1.2787768918881,nan,nan,13,1,1,7,1.495185328986e-05,1.495185328986e-05,-11.110675299934,1,26
1.1,53,-2.2985820201489,nan,nan,nan,0.78199723997478,1.2787768918881,nan,nan,13,1,1,8,4.1673285160224e-06,4.1673285160224e-06,-12.388235371093,1,26
1.1,53,-2.2985820201489,nan,nan,nan,0.78199723997478,1.2787768918881,nan,nan,13,1,1,9,1.1654280350119e-06,1.1654280350119e-06,-13.662422126398,1,26
1.1,53,-2.2985820201489,nan,nan,nan,0.78199723997478,1.2787768918881,nan,nan,13,1,1,10,3.2657367327123e-07,3.2657367327123e-07,-14.934610268137,1,26
1.1,53,-2.2985820201489,nan,nan,nan,0.78199723997478,1.2787768918881,nan,nan,13,1,1,11,9.1619701692313e-08,9.1619701692313e-08,-16.205619504416,1,26
1.1,53,-2.2985820201489,nan,nan,nan,0.78199723997478,1.2787768918881,nan,nan,13,1,1,12,2.5721589962933e-08,2.5721589962933e-08,-17.475935121333,1,26
1.1,53,-2.2985820201489,nan,nan,nan,0.78199723997478,1.2787768918881,nan,nan,13,1,1,13,7.22409949358e-09,7.22409949358e-09,-18.745843248283,1,26
1.1,53,-2.2985820201489,nan,nan,nan,0.78199723997478,1.2787768918881,nan,nan,13,1,1,14,2.0294273227204e-09,2.0294273227204e-09,-20.015512190727,1,26
1.1,53,-2.2985820201489,nan,nan,nan,0.78199723997478,1.2787768918881,nan,nan,13,1,1,15,5.701960819863e-10,5.701960819863e-10,-21.285040810771,1,26
1.1,53,-2.2985820201489,nan,nan,nan,0.78199723997478,1.2787768918881,nan,nan,13,1,1,16,1.6021777495853e-10,1.6021777495853e-10,-22.554487132652,1,26
1.1,53,-2.2985820201489,nan,nan,nan,0.78199723997478,1.2787768918881,nan,nan,13,1,1,17,4.5021309410279e-11,4.5021309410279e-11,-23.823885195793,1,26
1.1,53,-2.2985820201489,nan,nan,nan,0.78199723997478,1.2787768918881,nan,nan,13,1,1,18,1.2651378131824e-11,1.2651378131824e-11,-25.093254963462,1,26
1.1,53,-2.2985820201489,nan,nan,nan,0.78199723997478,1.2787768918881,nan,nan,13,1,1,19,3.5552058798468e-12,3.5552058798468e-12,-26.362608141594,1,26
1.1,53,-2.2985820201489,nan,nan,nan,0.78199723997478,1.2787768918881,nan,nan,13,1,1,20,9.9906995494834e-13,9.9906995494834e-13,-27.63195159374,1,26
1.1,53,-2.2985820201489,nan,nan,nan,0.78199723997478,1.2787768918881,nan,nan,13,1,1,21,2.8075630496657e-13,2.8075630496657e-13,-28.901289343961,1,26
1.1,53,-2.2985820201489,nan,nan,nan,0.78199723997478,1.2787768918881,nan,nan,13,1,1,22,7.8897744724433e-14,7.8897744724433e-14,-30.170623751442,1,26
1.1,53,-2.2985820201489,nan,nan,nan,0.78199723997478,1.2787768918881,nan,nan,13,1,1,23,2.217177748246e-14,2.217177748246e-14,-31.439956199374,1,26
1.1,53,-2.2985820201489,nan,nan,nan,0.78199723997478,1.2787768918881,nan,nan,13,1,1,24,6.2307013113033e-15,6.2307013113033e-15,-32.709287498414,1,26
1.1,53,-2.2985820201489,nan,nan,nan,0.78199723997478,1.2787768918881,nan,nan,13,1,1,25,1.7509496030033e-15,1.7509496030033e-15,-33.978618123858,1,26
1.1,53,-2.2985820201489,nan,nan,nan,0.78199723997478,1.2787768918881,nan,nan,13,1,1,26,4.92051467358e-16,4.92051467358e-16,-35.24794835442,1,26
1.15,53,-1.813124851861,nan,nan,nan,0.69708031866471,1.4345549188873,nan,nan,13,1,1,1,0.037865139399675,0.037865139399675,-3.2737243949316,1,26
1.15,53,-1.813124851861,nan,nan,nan,0.69708031866471,1.4345549188873,nan,nan,13,1,1,2,0.0079588508430534,0.0079588508430534,-4.8334706559983,1,26
1.15,53,-1.813124851861,nan,nan,nan,0.69708031866471,1.4345549188873,nan,nan,13,1,1,3,0.0017389007830912,0.0017389007830912,-6.3545020992393,1,26
1.15,53,-1.813124851861,nan,nan,nan,0.69708031866471,1.4345549188873,nan,nan,13,1,1,4,0.00039341877853997,0.00039341877853997,-7.8406359191883,1,26
1.15,53,-1.813124851861,nan,nan,nan,0.69708031866471,1.4345549188873,nan,nan,13,1,1,5,9.1151644866704e-05,9.1151644866704e-05,-9.3029860112898,1,26
1.15,53,-1.813124851861,nan,nan,nan,0.69708031866471,1.4345549188873,nan,nan,13,1,1,6,2.1447075349083e-05,2.1447075349083e-05,-10.749922269249,1,26
1.15,53,-1.813124851861,nan,nan,nan,0.69708031866471,1.4345549188873,nan,nan,13,1,1,7,5.0949694335947e-06,5.0949694335947e-06,-12.187256890602,1,26
1.15,53,-1.813124851861,nan,nan,nan,0.69708031866471,1.4345549188873,nan,nan,13,1,1,8,1.2174473460639e-06,1.2174473460639e-06,-13.618754230511,1,26
1.15,53,-1.813124851861,nan,nan,nan,0.69708031866471,1.4345549188873,nan,nan,13,1,1,9,2.9193007616253e-07,2.9193007616253e-07,-15.046751528551,1,26
1.15,53,-1.813124851861,nan,nan,nan,0.69708031866471,1.4345549188873,nan,nan,13,1,1,10,7.014743274919e-08,7.014743274919e-08,-16.472666627658,1,26
1.15,53,-1.813124851861,nan,nan,nan,0.69708031866471,1.4345549188873,nan,nan,13,1,1,11,1.6876417102592e-08,1.6876417102592e-08,-17.897348627264,1,26
1.15,53,-1.813124851861,nan,nan,nan,0.69708031866471,1.4345549188873,nan,nan,13,1,1,12,4.063170280271e-09,4.063170280271e-09,-19.321302310834,1,26
1.15,53,-1.813124851861,nan,nan,nan,0.69708031866471,1.4345549188873,nan,nan,13,1,1,13,9.7867011225661e-10,9.7867011225661e-10,-20.74482649417,1,26
1.15,53,-1.813124851861,nan,nan,nan,0.69708031866471,1.4345549188873,nan,nan,13,1,1,14,2.3578573481159e-10,2.3578573481159e-10,-22.168097626638,1,26
1.15,53,-1.813124851861,nan,nan,nan,0.69708031866471,1.4345549188873,nan,nan,13,1,1,15,5.6815056316093e-11,5.6815056316093e-11,-23.59121974934,1,26
1.15,53,-1.813124851861,nan,nan,nan,0.69708031866471,1.4345549188873,nan,nan,13,1,1,16,1.3691387159506e-11,1.3691387159506e-11,-25.014254155282,1,26
1.15,53,-1.813124851861,nan,nan,nan,0.69708031866471,1.4345549188873,nan,nan,13,1,1,17,3.29954368331e-12,3.29954368331e-12,-26.437236934802,1,26
1.15,53,-1.813124851861,nan,nan,nan,0.69708031866471,1.4345549188873,nan,nan,13,1,1,18,7.9519475719645e-13,7.9519475719645e-13,-27.860189332653,1,26
1.15,53,-1.813124851861,nan,nan,nan,0.69708031866471,1.4345549188873,nan,nan,13,1,1,19,1.9164650262398e-13,1.9164650262398e-13,-29.283123852017,1,26
1.15,53,-1.813124851861,nan,nan,nan,0.69708031866471,1.4345549188873,nan,nan,13,1,1,20,4.618839349555e-14,4.618839349555e-14,-30.706047851425,1,26
1.15,53,-1.813124851861,nan,nan,nan,0.69708031866471,1.4345549188873,nan,nan,13,1,1,21,1.1131854065131e-14,1.1131854065131e-14,-32.128965660825,1,26
1.15,53,-1.813124851861,nan,nan,nan,0.69708031866471,1.4345549188873,nan,nan,13,1,1,22,2.6828953531676e-15,2.6828953531676e-15,-33.551879827893,1,26
1.15,53,-1.813124851861,nan,nan,nan,0.69708031866471,1.4345549188873,nan,nan,13,1,1,23,6.4660773138998e-16,6.4660773138998e-16,-34.974791851683,1,26
1.15,53,-1.813124851861,nan,nan,nan,0.69708031866471,1.4345549188873,nan,nan,13,1,1,24,1.5583987842105e-16,1.5583987842105e-16,-36.397702614151,1,26
1.15,53,-1.813124851861,nan,nan,nan,0.69708031866471,1.4345549188873,nan,nan,13,1,1,25,3.7559225705547e-17,3.7559225705547e-17,-37.820612634634,1,26
1.15,53,-1.813124851861,nan,nan,nan,0.69708031866471,1.4345549188873,nan,nan,13,1,1,26,9.0522147845659e-18,9.0522147845659e-18,-39.243522218546,1,26
1.2,53,-1.4384410468098,nan,nan,nan,0.60855365833061,1.6432404707634,nan,nan,13,1,1,1,0.033122207457644,0.033122207457644,-3.4075513013949,1,26
1.2,53,-1.4384410468098,nan,nan,nan,0.60855365833061,1.6432404707634,nan,nan,13,1,1,2,0.0059183474399448,0.0059183474399448,-5.1296980177134,1,26
1.2,53,-1.4384410468098,nan,nan,nan,0.60855365833061,1.6432404707634,nan,nan,13,1,1,3,0.0011077569676638,0.0011077569676638,-6.80541805798,1,26
1.2,53,-1.4384410468098,nan,nan,nan,0.60855365833061,1.6432404707634,nan,nan,13,1,1,4,0.00021242932186731,0.00021242932186731,-8.4569012279018,1,26
1.2,53,-1.4384410468098,nan,nan,nan,0.60855365833061,1.6432404707634,nan,nan,13,1,1,5,4.1066111531113e-05,4.1066111531113e-05,-10.100327313536,1,26
1.2,53,-1.4384410468098,nan,nan,nan,0.60855365833061,1.6432404707634,nan,nan,13,1,1,6,7.9589744841611e-06,7.9589744841611e-06,-11.741210400056,1,26
1.2,53,-1.4384410468098,nan,nan,nan,0.60855365833061,1.6432404707634,nan,nan,13,1,1,7,1.5437452321424e-06,1.5437452321424e-06,-13.381299125066,1,26
1.2,53,-1.4384410468098,nan,nan,nan,0.60855365833061,1.6432404707634,nan,nan,13,1,1,8,2.9950331201115e-07,2.9950331201115e-07,-15.021140360984,1,26
1.2,53,-1.4384410468098,nan,nan,nan,0.60855365833061,1.6432404707634,nan,nan,13,1,1,9,5.8111366989681e-08,5.8111366989681e-08,-16.660904546963,1,26
1.2,53,-1.4384410468098,nan,nan,nan,0.60855365833061,1.6432404707634,nan,nan,13,1,1,10,1.1275374347353e-08,1.1275374347353e-08,-18.30064475057,1,26
1.2,53,-1.4384410468098,nan,nan,nan,0.60855365833061,1.6432404707634,nan,nan,13,1,1,11,2.1877822225562e-09,2.1877822225562e-09,-19.940377489993,1,26
1.2,53,-1.4384410468098,nan,nan,nan,0.60855365833061,1.6432404707634,nan,nan,13,1,1,12,4.2450051102857e-10,4.2450051102857e-10,-21.580107906341,1,26
1.2,53,-1.4384410468098,nan,nan,nan,0.60855365833061,1.6432404707634,nan,nan,13,1,1,13,8.2366888391418e-11,8.2366888391418e-11,-23.219837599682,1,26
1.2,53,-1.4384410468098,nan,nan,nan,0.60855365833061,1.6432404707634,nan,nan,13,1,1,14,1.59818555069e-11,1.59818555069e-11,-24.859567068007,1,26
1.2,53,-1.4384410468098,nan,nan,nan,0.60855365833061,1.6432404707634,nan,nan,13,1,1,15,3.1010000294925e-12,3.1010000294925e-12,-26.4992964663,1,26
1.2,53,-1.4384410468098,nan,nan,nan,0.60855365833061,1.6432404707634,nan,nan,13,1,1,16,6.0169492762297e-13,6.0169492762297e-13,-28.139025842796,1,26
1.2,53,-1.4384410468098,nan,nan,nan,0.60855365833061,1.6432404707634,nan,nan,13,1,1,17,1.1674839888424e-13,1.1674839888424e-13,-29.778755212509,1,26
1.2,53,-1.4384410468098,nan,nan,nan,0.60855365833061,1.6432404707634,nan,nan,13,1,1,18,2.2652989156224e-14,2.2652989156224e-14,-31.418484580112,1,26
1.2,53,-1.4384410468098,nan,nan,nan,0.60855365833061,1.6432404707634,nan,nan,13,1,1,19,4.3954171787676e-15,4.3954171787676e-15,-33.058213947057,1,26
1.2,53,-1.4384410468098,nan,nan,nan,0.60855365833061,1.6432404707634,nan,nan,13,1,1,20,8.5285398964905e-16,8.5285398964905e-16,-34.697943313797,1,26
1.2,53,-1.4384410468098,nan,nan,nan,0.60855365833061,1.6432404707634,nan,nan,13,1,1,21,1.6548143171009e-16,1.6548143171009e-16,-36.337672680475,1,26
1.2,53,-1.4384410468098,nan,nan,nan,0.60855365833061,1.6432404707634,nan,nan,13,1,1,22,3.2108783653185e-17,3.2108783653185e-17,-37.977402047132,1,26
1.2,53,-1.4384410468098,nan,nan,nan,0.60855365833061,1.6432404707634,nan,nan,13,1,1,23,6.2301490689294e-18,6.2301490689294e-18,-39.617131413783,1,26
1.2,53,-1.4384410468098,nan,nan,nan,0.60855365833061,1.6432404707634,nan,nan,13,1,1,24,1.2088516911883e-18,1.2088516911883e-18,-41.256860780431,1,26
1.2,53,-1.4384410468098,nan,nan,nan,0.60855365833061,1.6432404707634,nan,nan,13,1,1,25,2.3455657242282e-19,2.3455657242282e-19,-42.896590147078,1,26
1.2,53,-1.4384410468098,nan,nan,nan,0.60855365833061,1.6432404707634,nan,nan,13,1,1,26,4.5511609131013e-20,4.5511609131013e-20,-44.536319513726,1,26
1.25,53,-1.1480306075491,nan,nan,nan,0.55756345599427,1.7935178305701,nan,nan,13,1,1,1,0.028981037899878,0.028981037899878,-3.5411135283804,1,26
1.25,53,-1.1480306075491,nan,nan,nan,0.55756345599427,1.7935178305701,nan,nan,13,1,1,2,0.0044216459313062,0.0044216459313062,-5.4212432695613,1,26
1.25,53,-1.1480306075491,nan,nan,nan,0.55756345599427,1.7935178305701,nan,nan,13,1,1,3,0.00071128806702389,0.00071128806702389,-7.248433052657,1,26
1.25,53,-1.1480306075491,nan,nan,nan,0.55756345599427,1.7935178305701,nan,nan,13,1,1,4,0.00011742079186273,0.00011742079186273,-9.0497465635022,1,26
1.25,53,-1.1480306075491,nan,nan,nan,0.55756345599427,1.7935178305701,nan,nan,13,1,1,5,1.955110882257e-05,1.955110882257e-05,-10.842478555874,1,26
1.25,53,-1.1480306075491,nan,nan,nan,0.55756345599427,1.7935178305701,nan,nan,13,1,1,6,3.2642154127124e-06,3.2642154127124e-06,-12.632491126498,1,26
1.25,53,-1.1480306075491,nan,nan,nan,0.55756345599427,1.7935178305701,nan,nan,13,1,1,7,5.4545243569036e-07,5.4545243569036e-07,-14.421650229443,1,26
1.25,53,-1.1480306075491,nan,nan,nan,0.55756345599427,1.7935178305701,nan,nan,13,1,1,8,9.11697959227e-08,9.11697959227e-08,-16.210542179778,1,26
1.25,53,-1.1480306075491,nan,nan,nan,0.55756345599427,1.7935178305701,nan,nan,13,1,1,9,1.5239873742815e-08,1.5239873742815e-08,-17.999350571314,1,26
1.25,53,-1.1480306075491,nan,nan,nan,0.55756345599427,1.7935178305701,nan,nan,13,1,1,10,2.5475522670894e-09,2.5475522670894e-09,-19.78813283403,1,26
1.25,53,-1.1480306075491,nan,nan,nan,0.55756345599427,1.7935178305701,nan,nan,13,1,1,11,4.2586150553745e-10,4.2586150553745e-10,-21.576906926889,1,26
1.25,53,-1.1480306075491,nan,nan,nan,0.55756345599427,1.7935178305701,nan,nan,13,1,1,12,7.1189308856909e-11,7.1189308856909e-11,-23.365678465289,1,26
1.25,53,-1.1480306075491,nan,nan,nan,0.55756345599427,1.7935178305701,nan,nan,13,1,1,13,1.1900398785341e-11,1.1900398785341e-11,-25.154449204999,1,26
1.25,53,-1.1480306075491,nan,nan,nan,0.55756345599427,1.7935178305701,nan,nan,13,1,1,14,1.9893370070542e-12,1.9893370070542e-12,-26.943219694987,1,26
1.25,53,-1.1480306075491,nan,nan,nan,0.55756345599427,1.7935178305701,nan,nan,13,1,1,15,3.3254869084852e-13,3.3254869084852e-13,-28.731990106894,1,26
1.25,53,-1.1480306075491,nan,nan,nan,0.55756345599427,1.7935178305701,nan,nan,13,1,1,16,5.5590698857457e-14,5.5590698857457e-14,-30.520760494385,1,26
1.25,53,-1.1480306075491,nan,nan,nan,0.55756345599427,1.7935178305701,nan,nan,13,1,1,17,9.2928521689699e-15,9.2928521689699e-15,-32.309530874245,1,26
1.25,53,-1.1480306075491,nan,nan,nan,0.55756345599427,1.7935178305701,nan,nan,13,1,1,18,1.5534451520728e-15,1.5534451520728e-15,-34.098301251719,1,26
1.25,53,-1.1480306075491,nan,nan,nan,0.55756345599427,1.7935178305701,nan,nan,13,1,1,19,2.5968258167009e-16,2.5968258167009e-16,-35.88707162844,1,26
1.25,53,-1.1480306075491,nan,nan,nan,0.55756345599427,1.7935178305701,nan,nan,13,1,1,20,4.3409993039132e-17,4.3409993039132e-17,-37.675842004933,1,26
1.25,53,-1.1480306075491,nan,nan,nan,0.55756345599427,1.7935178305701,nan,nan,13,1,1,21,7.256657276267e-18,7.256657276267e-18,-39.464612381353,1,26
1.25,53,-1.1480306075491,nan,nan,nan,0.55756345599427,1.7935178305701,nan,nan,13,1,1,22,1.213063424799e-18,1.213063424799e-18,-41.253382757747,1,26
1.25,53,-1.1480306075491,nan,nan,nan,0.55756345599427,1.7935178305701,nan,nan,13,1,1,23,2.0278246809203e-19,2.0278246809203e-19,-43.042153134145,1,26
1.25,53,-1.1480306075491,nan,nan,nan,0.55756345599427,1.7935178305701,nan,nan,13,1,1,24,3.3898251752588e-20,3.3898251752588e-20,-44.830923510538,1,26
1.25,53,-1.1480306075491,nan,nan,nan,0.55756345599427,1.7935178305701,nan,nan,13,1,1,25,5.6666213933518e-21,5.6666213933518e-21,-46.619693886927,1,26
1.25,53,-1.1480306075491,nan,nan,nan,0.55756345599427,1.7935178305701,nan,nan,13,1,1,26,9.4726413178824e-22,9.4726413178824e-22,-48.408464263317,1,26
1.3,53,-0.92183698031705,nan,nan,nan,0.51549211556713,1.9398938796568,nan,nan,13,1,1,1,0.025384081276321,0.025384081276321,-3.6736330228343,1,26
1.3,53,-0.92183698031705,nan,nan,nan,0.51549211556713,1.9398938796568,nan,nan,13,1,1,2,0.0033223303099914,0.0033223303099914,-5.7070888416709,1,26
1.3,53,-0.92183698031705,nan,nan,nan,0.51549211556713,1.9398938796568,nan,nan,13,1,1,3,0.00046113406789614,0.00046113406789614,-7.6818217375162,1,26
1.3,53,-0.92183698031705,nan,nan,nan,0.51549211556713,1.9398938796568,nan,nan,13,1,1,4,6.5777184555968e-05,6.5777184555968e-05,-9.629237519032,1,26
1.3,53,-0.92183698031705,nan,nan,nan,0.51549211556713,1.9398938796568,nan,nan,13,1,1,5,9.4678879940424e-06,9.4678879940424e-06,-11.567604696332,1,26
1.3,53,-0.92183698031705,nan,nan,nan,0.51549211556713,1.9398938796568,nan,nan,13,1,1,6,1.3667217267711e-06,1.3667217267711e-06,-13.503095585852,1,26
1.3,53,-0.92183698031705,nan,nan,nan,0.51549211556713,1.9398938796568,nan,nan,13,1,1,7,1.9746968860106e-07,1.9746968860106e-07,-15.437680739821,1,26
1.3,53,-0.92183698031705,nan,nan,nan,0.51549211556713,1.9398938796568,nan,nan,13,1,1,8,2.853936590527e-08,2.853936590527e-08,-17.3719814429,1,26
1.3,53,-0.92183698031705,nan,nan,nan,0.51549211556713,1.9398938796568,nan,nan,13,1,1,9,4.1250285919477e-09,4.1250285919477e-09,-19.306192885803,1,26
1.3,53,-0.92183698031705,nan,nan,nan,0.51549211556713,1.9398938796568,nan,nan,13,1,1,10,5.9624090579665e-10,5.9624090579665e-10,-21.240376326175,1,26
1.3,53,-0.92183698031705,nan,nan,nan,0.51549211556713,1.9398938796568,nan,nan,13,1,1,11,8.6182757922429e-11,8.6182757922429e-11,-23.174550982368,1,26
1.3,53,-0.92183698031705,nan,nan,nan,0.51549211556713,1.9398938796568,nan,nan,13,1,1,12,1.2457193320796e-11,1.2457193320796e-11,-25.108722883096,1,26
1.3,53,-0.92183698031705,nan,nan,nan,0.51549211556713,1.9398938796568,nan,nan,13,1,1,13,1.8006130611622e-12,1.8006130611622e-12,-27.042893919479,1,26
1.3,53,-0.92183698031705,nan,nan,nan,0.51549211556713,1.9398938796568,nan,nan,13,1,1,14,2.602679585687e-13,2.602679585687e-13,-28.977064684729,1,26
1.3,53,-0.92183698031705,nan,nan,nan,0.51549211556713,1.9398938796568,nan,nan,13,1,1,15,3.7620195853912e-14,3.7620195853912e-14,-30.91123536494,1,26
1.3,53,-0.92183698031705,nan,nan,nan,0.51549211556713,1.9398938796568,nan,nan,13,1,1,16,5.437777210979e-15,5.437777210979e-15,-32.845406018466,1,26
1.3,53,-0.92183698031705,nan,nan,nan,0.51549211556713,1.9398938796568,nan,nan,13,1,1,17,7.8599859921824e-16,7.8599859921824e-16,-34.77957666363,1,26
1.3,53,-0.92183698031705,nan,nan,nan,0.51549211556713,1.9398938796568,nan,nan,13,1,1,18,1.1361145843771e-16,1.1361145843771e-16,-36.713747306163,1,26
1.3,53,-0.92183698031705,nan,nan,nan,0.51549211556713,1.9398938796568,nan,nan,13,1,1,19,1.6421865779141e-17,1.6421865779141e-17,-38.647917947874,1,26
1.3,53,-0.92183698031705,nan,nan,nan,0.51549211556713,1.9398938796568,nan,nan,13,1,1,20,2.3736837766777e-18,2.3736837766777e-18,-40.582088589325,1,26
1.3,53,-0.92183698031705,nan,nan,nan,0.51549211556713,1.9398938796568,nan,nan,13,1,1,21,3.4310198048385e-19,3.4310198048385e-19,-42.516259230705,1,26
1.3,53,-0.92183698031705,nan,nan,nan,0.51549211556713,1.9398938796568,nan,nan,13,1,1,22,4.959336629974e-20,4.959336629974e-20,-44.450429872045,1,26
1.3,53,-0.92183698031705,nan,nan,nan,0.51549211556713,1.9398938796568,nan,nan,13,1,1,23,7.1684283998916e-21,7.1684283998916e-21,-46.384600513378,1,26
1.3,53,-0.92183698031705,nan,nan,nan,0.51549211556713,1.9398938796568,nan,nan,13,1,1,24,1.0361540173307e-21,1.0361540173307e-21,-48.31877115471,1,26
1.3,53,-0.92183698031705,nan,nan,nan,0.51549211556713,1.9398938796568,nan,nan,13,1,1,25,1.4976994785112e-22,1.4976994785112e-22,-50.252941796046,1,26
1.3,53,-0.92183698031705,nan,nan,nan,0.51549211556713,1.9398938796568,nan,nan,13,1,1,26,2.1648362023667e-23,2.1648362023667e-23,-52.187112437376,1,26
1.35,53,-0.74471687323487,nan,nan,nan,0.48014854919338,2.0826887880426,nan,nan,13,1,1,1,0.022269655684266,0.022269655684266,-3.8045302587993,1,26
1.35,53,-0.74471687323487,nan,nan,nan,0.48014854919338,2.0826887880426,nan,nan,13,1,1,2,0.0025122114638919,0.0025122114638919,-5.9865918524336,1,26
1.35,53,-0.74471687323487,nan,nan,nan,0.48014854919338,2.0826887880426,nan,nan,13,1,1,3,0.00030207401914915,0.00030207401914915,-8.1048384741003,1,26
1.35,53,-0.74471687323487,nan,nan,nan,0.48014854919338,2.0826887880426,nan,nan,13,1,1,4,3.7374702589057e-05,3.7374702589057e-05,-10.194516483769,1,26
1.35,53,-0.74471687323487,nan,nan,nan,0.48014854919338,2.0826887880426,nan,nan,13,1,1,5,4.6682015972596e-06,4.6682015972596e-06,-12.274736657399,1,26
1.35,53,-0.74471687323487,nan,nan,nan,0.48014854919338,2.0826887880426,nan,nan,13,1,1,6,5.848307352105e-07,5.848307352105e-07,-14.351943373102,1,26
1.35,53,-0.74471687323487,nan,nan,nan,0.48014854919338,2.0826887880426,nan,nan,13,1,1,7,7.3337128102229e-08,7.3337128102229e-08,-16.428198833752,1,26
1.35,53,-0.74471687323487,nan,nan,nan,0.48014854919338,2.0826887880426,nan,nan,13,1,1,8,9.1991492045686e-09,9.1991492045686e-09,-18.504154834932,1,26
1.35,53,-0.74471687323487,nan,nan,nan,0.48014854919338,2.0826887880426,nan,nan,13,1,1,9,1.1540173377612e-09,1.1540173377612e-09,-20.580016644917,1,26
1.35,53,-0.74471687323487,nan,nan,nan,0.48014854919338,2.0826887880426,nan,nan,13,1,1,10,1.4477376460105e-10,1.4477376460105e-10,-22.655848836087,1,26
1.35,53,-0.74471687323487,nan,nan,nan,0.48014854919338,2.0826887880426,nan,nan,13,1,1,11,1.8162325145965e-11,1.8162325145965e-11,-24.731671714279,1,26
1.35,53,-0.74471687323487,nan,nan,nan,0.48014854919338,2.0826887880426,nan,nan,13,1,1,12,2.2785276154189e-12,2.2785276154189e-12,-26.807491664281,1,26
1.35,53,-0.74471687323487,nan,nan,nan,0.48014854919338,2.0826887880426,nan,nan,13,1,1,13,2.8584957224656e-13,2.8584957224656e-13,-28.883310693628,1,26
1.35,53,-0.74471687323487,nan,nan,nan,0.48014854919338,2.0826887880426,nan,nan,13,1,1,14,3.5860878338426e-14,3.5860878338426e-14,-30.959129433491,1,26
1.35,53,-0.74471687323487,nan,nan,nan,0.48014854919338,2.0826887880426,nan,nan,13,1,1,15,4.4988792606124e-15,4.4988792606124e-15,-33.034948082351,1,26
1.35,53,-0.74471687323487,nan,nan,nan,0.48014854919338,2.0826887880426,nan,nan,13,1,1,16,5.6440098846045e-16,5.6440098846045e-16,-35.110766702568,1,26
1.35,53,-0.74471687323487,nan,nan,nan,0.48014854919338,2.0826887880426,nan,nan,13,1,1,17,7.0806185315157e-17,7.0806185315157e-17,-37.186585313801,1,26
1.35,53,-0.74471687323487,nan,nan,nan,0.48014854919338,2.0826887880426,nan,nan,13,1,1,18,8.8828970802525e-18,8.8828970802525e-18,-39.26240392232,1,26
1.35,53,-0.74471687323487,nan,nan,nan,0.48014854919338,2.0826887880426,nan,nan,13,1,1,19,1.1143921998552e-18,1.1143921998552e-18,-41.338222529846,1,26
1.35,53,-0.74471687323487,nan,nan,nan,0.48014854919338,2.0826887880426,nan,nan,13,1,1,20,1.3980461151799e-19,1.3980461151799e-19,-43.414041137081,1,26
1.35,53,-0.74471687323487,nan,nan,nan,0.48014854919338,2.0826887880426,nan,nan,13,1,1,21,1.7539004136775e-20,1.7539004136775e-20,-45.489859744237,1,26
1.35,53,-0.74471687323487,nan,nan,nan,0.48014854919338,2.0826887880426,nan,nan,13,1,1,22,2.2003327556714e-21,2.2003327556714e-21,-47.56567835137,1,26
1.35,53,-0.74471687323487,nan,nan,nan,0.48014854919338,2.0826887880426,nan,nan,13,1,1,23,2.760398593947e-22,2.760398593947e-22,-49.641496958471,1,26
1.35,53,-0.74471687323487,nan,nan,nan,0.48014854919338,2.0826887880426,nan,nan,13,1,1,24,3.4630218442409e-23,3.4630218442409e-23,-51.717315565568,1,26
1.35,53,-0.74471687323487,nan,nan,nan,0.48014854919338,2.0826887880426,nan,nan,13,1,1,25,4.3444886255777e-24,4.3444886255777e-24,-53.793134172683,1,26
1.35,53,-0.74471687323487,nan,nan,nan,0.48014854919338,2.0826887880426,nan,nan,13,1,1,26,5.4503212126233e-25,5.4503212126233e-25,-55.868952779817,1,26
1.4,53,-0.60524130649571,nan,nan,nan,0.44966194136059,2.2238929026864,nan,nan,13,1,1,1,0.019577198861923,0.019577198861923,-3.9333897133028,1,26
1.4,53,-0.60524130649571,nan,nan,nan,0.44966194136059,2.2238929026864,nan,nan,13,1,1,2,0.0019123865758556,0.0019123865758556,-6.2594033007645,1,26
1.4,53,-0.60524130649571,nan,nan,nan,0.44966194136059,2.2238929026864,nan,nan,13,1,1,3,0.00019980474485642,0.00019980474485642,-8.5181699440017,1,26
1.4,53,-0.60524130649571,nan,nan,nan,0.44966194136059,2.2238929026864,nan,nan,13,1,1,4,2.1489622213124e-05,2.1489622213124e-05,-10.747940427124,1,26
1.4,53,-0.60524130649571,nan,nan,nan,0.44966194136059,2.2238929026864,nan,nan,13,1,1,5,2.3333755912399e-06,2.3333755912399e-06,-12.96819458721,1,26
1.4,53,-0.60524130649571,nan,nan,nan,0.44966194136059,2.2238929026864,nan,nan,13,1,1,6,2.5412587948716e-07,2.5412587948716e-07,-15.185436104159,1,26
1.4,53,-0.60524130649571,nan,nan,nan,0.44966194136059,2.2238929026864,nan,nan,13,1,1,7,2.7702795543316e-08,2.7702795543316e-08,-17.401732506704,1,26
1.4,53,-0.60524130649571,nan,nan,nan,0.44966194136059,2.2238929026864,nan,nan,13,1,1,8,3.0208330147751e-09,3.0208330147751e-09,-19.617733210887,1,26
1.4,53,-0.60524130649571,nan,nan,nan,0.44966194136059,2.2238929026864,nan,nan,13,1,1,9,3.2943518884294e-10,3.2943518884294e-10,-21.833641476802,1,26
1.4,53,-0.60524130649571,nan,nan,nan,0.44966194136059,2.2238929026864,nan,nan,13,1,1,10,3.5927400980501e-11,3.5927400980501e-11,-24.049520853058,1,26
1.4,53,-0.60524130649571,nan,nan,nan,0.44966194136059,2.2238929026864,nan,nan,13,1,1,11,3.9181904006978e-12,3.9181904006978e-12,-26.265391201186,1,26
1.4,53,-0.60524130649571,nan,nan,nan,0.44966194136059,2.2238929026864,nan,nan,13,1,1,12,4.2731338504055e-13,4.2731338504055e-13,-28.48125872806,1,26
1.4,53,-0.60524130649571,nan,nan,nan,0.44966194136059,2.2238929026864,nan,nan,13,1,1,13,4.6602352449682e-14,4.6602352449682e-14,-30.6971253733,1,26
1.4,53,-0.60524130649571,nan,nan,nan,0.44966194136059,2.2238929026864,nan,nan,13,1,1,14,5.0824053919023e-15,5.0824053919023e-15,-32.912991743044,1,26
1.4,53,-0.60524130649571,nan,nan,nan,0.44966194136059,2.2238929026864,nan,nan,13,1,1,15,5.5428203584303e-16,5.5428203584303e-16,-35.128858026719,1,26
1.4,53,-0.60524130649571,nan,nan,nan,0.44966194136059,2.2238929026864,nan,nan,13,1,1,16,6.0449444670858e-17,6.0449444670858e-17,-37.344724283461,1,26
1.4,53,-0.60524130649571,nan,nan,nan,0.44966194136059,2.2238929026864,nan,nan,13,1,1,17,6.5925560552571e-18,6.5925560552571e-18,-39.560590531801,1,26
1.4,53,-0.60524130649571,nan,nan,nan,0.44966194136059,2.2238929026864,nan,nan,13,1,1,18,7.1897758022017e-19,7.1897758022017e-19,-41.776456777531,1,26
1.4,53,-0.60524130649571,nan,nan,nan,0.44966194136059,2.2238929026864,nan,nan,13,1,1,19,7.8410977011141e-20,7.8410977011141e-20,-43.992323022422,1,26
1.4,53,-0.60524130649571,nan,nan,nan,0.44966194136059,2.2238929026864,nan,nan,13,1,1,20,8.5514228629205e-21,8.5514228629205e-21,-46.208189267056,1,26
1.4,53,-0.60524130649571,nan,nan,nan,0.44966194136059,2.2238929026864,nan,nan,13,1,1,21,9.3260963928519e-22,9.3260963928519e-22,-48.42405551161,1,26
1.4,53,-0.60524130649571,nan,nan,nan,0.44966194136059,2.2238929026864,nan,nan,13,1,1,22,1.0170947610289e-22,1.0170947610289e-22,-50.639921756124,1,26
1.4,53,-0.60524130649571,nan,nan,nan,0.44966194136059,2.2238929026864,nan,nan,13,1,1,23,1.1092333912568e-23,1.1092333912568e-23,-52.855788000647,1,26
1.4,53,-0.60524130649571,nan,nan,nan,0.44966194136059,2.2238929026864,nan,nan,13,1,1,24,1.2097188614337e-24,1.2097188614337e-24,-55.071654245168,1,26
1.4,53,-0.60524130649571,nan,nan,nan,0.44966194136059,2.2238929026864,nan,nan,13,1,1,25,1.3193073119122e-25,1.3193073119122e-25,-57.287520489692,1,26
1.4,53,-0.60524130649571,nan,nan,nan,0.44966194136059,2.2238929026864,nan,nan,13,1,1,26,1.4388233817922e-26,1.4388233817922e-26,-59.50338673424,1,26
1.45,53,-0.4947739152491,nan,nan,nan,0.42387681237726,2.3591759935903,nan,nan,13,1,1,1,0.017250301560998,0.017250301560998,-4.0599256538606,1,26
1.45,53,-0.4947739152491,nan,nan,nan,0.42387681237726,2.3591759935903,nan,nan,13,1,1,2,0.0014658360612276,0.0014658360612276,-6.5253295090371,1,26
1.45,53,-0.4947739152491,nan,nan,nan,0.42387681237726,2.3591759935903,nan,nan,13,1,1,3,0.00013377491332487,0.00013377491332487,-8.9193519216844,1,26
1.45,53,-0.4947739152491,nan,nan,nan,0.42387681237726,2.3591759935903,nan,nan,13,1,1,4,1.258136904028e-05,1.258136904028e-05,-11.283293485882,1,26
1.45,53,-0.4947739152491,nan,nan,nan,0.42387681237726,2.3591759935903,nan,nan,13,1,1,5,1.1950268989417e-06,1.1950268989417e-06,-13.637341863259,1,26
1.45,53,-0.4947739152491,nan,nan,nan,0.42387681237726,2.3591759935903,nan,nan,13,1,1,6,1.1386557480855e-07,1.1386557480855e-07,-15.988247252664,1,26
1.45,53,-0.4947739152491,nan,nan,nan,0.42387681237726,2.3591759935903,nan,nan,13,1,1,7,1.0860176658611e-08,1.0860176658611e-08,-18.338163255666,1,26
1.45,53,-0.4947739152491,nan,nan,nan,0.42387681237726,2.3591759935903,nan,nan,13,1,1,8,1.0361347091269e-09,1.0361347091269e-09,-20.687768673447,1,26
1.45,53,-0.4947739152491,nan,nan,nan,0.42387681237726,2.3591759935903,nan,nan,13,1,1,9,9.8863927835163e-11,9.8863927835163e-11,-23.037276677551,1,26
1.45,53,-0.4947739152491,nan,nan,nan,0.42387681237726,2.3591759935903,nan,nan,13,1,1,10,9.4334980730757e-12,9.4334980730757e-12,-25.386754136523,1,26
1.45,53,-0.4947739152491,nan,nan,nan,0.42387681237726,2.3591759935903,nan,nan,13,1,1,11,9.0014366318948e-13,9.0014366318948e-13,-27.736222018559,1,26
1.45,53,-0.4947739152491,nan,nan,nan,0.42387681237726,2.3591759935903,nan,nan,13,1,1,12,8.589189725804e-14,8.589189725804e-14,-30.085686897983,1,26
1.45,53,-0.4947739152491,nan,nan,nan,0.42387681237726,2.3591759935903,nan,nan,13,1,1,13,8.1958305785094e-15,8.1958305785094e-15,-32.435150835989,1,26
1.45,53,-0.4947739152491,nan,nan,nan,0.42387681237726,2.3591759935903,nan,nan,13,1,1,14,7.8204884093583e-16,7.8204884093583e-16,-34.784614478858,1,26
1.45,53,-0.4947739152491,nan,nan,nan,0.42387681237726,2.3591759935903,nan,nan,13,1,1,15,7.4623363713969e-17,7.4623363713969e-17,-37.134078029201,1,26
1.45,53,-0.4947739152491,nan,nan,nan,0.42387681237726,2.3591759935903,nan,nan,13,1,1,16,7.1205866969746e-18,7.1205866969746e-18,-39.483541550603,1,26
1.45,53,-0.4947739152491,nan,nan,nan,0.42387681237726,2.3591759935903,nan,nan,13,1,1,17,6.7944880597461e-19,6.7944880597461e-19,-41.833005062851,1,26
1.45,53,-0.4947739152491,nan,nan,nan,0.42387681237726,2.3591759935903,nan,nan,13,1,1,18,6.4833236487626e-20,6.4833236487626e-20,-44.18246857225,1,26
1.45,53,-0.4947739152491,nan,nan,nan,0.42387681237726,2.3591759935903,nan,nan,13,1,1,19,6.1864095137953e-21,6.1864095137953e-21,-46.531932080707,1,26
1.45,53,-0.4947739152491,nan,nan,nan,0.42387681237726,2.3591759935903,nan,nan,13,1,1,20,5.9030930360429e-22,5.9030930360429e-22,-48.881395588928,1,26
1.45,53,-0.4947739152491,nan,nan,nan,0.42387681237726,2.3591759935903,nan,nan,13,1,1,21,5.6327514882643e-23,5.6327514882643e-23,-51.230859097043,1,26
1.45,53,-0.4947739152491,nan,nan,nan,0.42387681237726,2.3591759935903,nan,nan,13,1,1,22,5.3747906623382e-24,5.3747906623382e-24,-53.580322605144,1,26
1.45,53,-0.4947739152491,nan,nan,nan,0.42387681237726,2.3591759935903,nan,nan,13,1,1,23,5.1286435632592e-25,5.1286435632592e-25,-55.929786113252,1,26
1.45,53,-0.4947739152491,nan,nan,nan,0.42387681237726,2.3591759935903,nan,nan,13,1,1,24,4.8937691626348e-26,4.8937691626348e-26,-58.27924962136,1,26
1.45,53,-0.4947739152491,nan,nan,nan,0.42387681237726,2.3591759935903,nan,nan,13,1,1,25,4.6696512093476e-27,4.6696512093476e-27,-60.628713129454,1,26
1.45,53,-0.4947739152491,nan,nan,nan,0.42387681237726,2.3591759935903,nan,nan,13,1,1,26,4.4557970946892e-28,4.4557970946892e-28,-62.978176637548,1,26
