g,N,E0,E1,gap,xi_gap,xi_corr,m_corr,i0,comp_i,comp_j,r,corr,abs_corr,log_abs_corr,rMin,rMax
0.6,40,-21.336917516895,nan,nan,nan,22.628380202868,0.04419229264467,10,1,1,1,0.10774756654506,0.10774756654506,-2.2279641345219,1,20
0.6,40,-21.336917516895,nan,nan,nan,22.628380202868,0.04419229264467,10,1,1,2,0.10192595812832,0.10192595812832,-2.2835086299941,1,20
0.6,40,-21.336917516895,nan,nan,nan,22.628380202868,0.04419229264467,10,1,1,3,0.095753468016332,0.095753468016332,-2.3459784320856,1,20
0.6,40,-21.336917516895,nan,nan,nan,22.628380202868,0.04419229264467,10,1,1,4,0.089962422866894,0.089962422866894,-2.4083632195403,1,20
0.6,40,-21.336917516895,nan,nan,nan,22.628380202868,0.04419229264467,10,1,1,5,0.084760888863297,0.084760888863297,-2.4679210588119,1,20
0.6,40,-21.336917516895,nan,nan,nan,22.628380202868,0.04419229264467,10,1,1,6,0.0801510189031,0.0801510189031,-2.5238426875545,1,20
0.6,40,-21.336917516895,nan,nan,nan,22.628380202868,0.04419229264467,10,1,1,7,0.076067085095063,0.076067085095063,-2.5761396294259,1,20
0.6,40,-21.336917516895,nan,nan,nan,22.628380202868,0.04419229264467,10,1,1,8,0.072429556657382,0.072429556657382,-2.6251408217741,1,20
0.6,40,-21.336917516895,nan,nan,nan,22.628380202868,0.04419229264467,10,1,1,9,0.069164963305498,0.069164963305498,-2.6712608551912,1,20
0.6,40,-21.336917516895,nan,nan,nan,22.628380202868,0.04419229264467,10,1,1,10,0.066211294977955,0.066211294977955,-2.7149042115906,1,20
0.6,40,-21.336917516895,nan,nan,nan,22.628380202868,0.04419229264467,10,1,1,11,0.063516693984535,0.063516693984535,-2.7564525102407,1,20
0.6,40,-21.336917516895,nan,nan,nan,22.628380202868,0.04419229264467,10,1,1,12,0.061040300850429,0.061040300850429,-2.7962209632758,1,20
0.6,40,-21.336917516895,nan,nan,nan,22.628380202868,0.04419229264467,10,1,1,13,0.058747126337602,0.058747126337602,-2.8345130405567,1,20
0.6,40,-21.336917516895,nan,nan,nan,22.628380202868,0.04419229264467,10,1,1,14,0.056609472926452,0.056609472926452,-2.8715789415854,1,20
0.6,40,-21.336917516895,nan,nan,nan,22.628380202868,0.04419229264467,10,1,1,15,0.05460372383677,0.05460372383677,-2.9076531964183,1,20
0.6,40,-21.336917516895,nan,nan,nan,22.628380202868,0.04419229264467,10,1,1,16,0.05271008410699,0.05271008410699,-2.942948492461,1,20
0.6,40,-21.336917516895,nan,nan,nan,22.628380202868,0.04419229264467,10,1,1,17,0.050910261796391,0.050910261796391,-2.9776907687438,1,20
0.6,40,-21.336917516895,nan,nan,nan,22.628380202868,0.04419229264467,10,1,1,18,0.049188903268939,0.049188903268939,-3.0120872242368,1,20
0.6,40,-21.336917516895,nan,nan,nan,22.628380202868,0.04419229264467,10,1,1,19,0.047531527897788,0.047531527897788,-3.0463620429064,1,20
0.6,40,-21.336917516895,nan,nan,nan,22.628380202868,0.04419229264467,10,1,1,20,0.045923691953005,0.045923691953005,-3.0807741305293,1,20
0.65,40,-16.693671126961,nan,nan,nan,13.350399836566,0.074904123639883,10,1,1,1,0.10504555856315,0.10504555856315,-2.2533611318505,1,20
0.65,40,-16.693671126961,nan,nan,nan,13.350399836566,0.074904123639883,10,1,1,2,0.095305037725405,0.095305037725405,-2.3506726079625,1,20
0.65,40,-16.693671126961,nan,nan,nan,13.350399836566,0.074904123639883,10,1,1,3,0.085785429879591,0.085785429879591,-2.4559061018316,1,20
0.65,40,-16.693671126961,nan,nan,nan,13.350399836566,0.074904123639883,10,1,1,4,0.077404577130305,0.077404577130305,-2.5587093640845,1,20
0.65,40,-16.693671126961,nan,nan,nan,13.350399836566,0.074904123639883,10,1,1,5,0.070234973316058,0.070234973316058,-2.6559088966231,1,20
0.65,40,-16.693671126961,nan,nan,nan,13.350399836566,0.074904123639883,10,1,1,6,0.064114268298613,0.064114268298613,-2.7470883454638,1,20
0.65,40,-16.693671126961,nan,nan,nan,13.350399836566,0.074904123639883,10,1,1,7,0.058849564006665,0.058849564006665,-2.8327708538561,1,20
0.65,40,-16.693671126961,nan,nan,nan,13.350399836566,0.074904123639883,10,1,1,8,0.054273918715483,0.054273918715483,-2.9137114857473,1,20
0.65,40,-16.693671126961,nan,nan,nan,13.350399836566,0.074904123639883,10,1,1,9,0.050255052387087,0.050255052387087,-2.9906441920806,1,20
0.65,40,-16.693671126961,nan,nan,nan,13.350399836566,0.074904123639883,10,1,1,10,0.046690734933314,0.046690734933314,-3.0642095294225,1,20
0.65,40,-16.693671126961,nan,nan,nan,13.350399836566,0.074904123639883,10,1,1,11,0.043502061268133,0.043502061268133,-3.1349469565358,1,20
0.65,40,-16.693671126961,nan,nan,nan,13.350399836566,0.074904123639883,10,1,1,12,0.040627550233734,0.040627550233734,-3.2033088653183,1,20
0.65,40,-16.693671126961,nan,nan,nan,13.350399836566,0.074904123639883,10,1,1,13,0.038018669727732,0.038018669727732,-3.2696779312838,1,20
0.65,40,-16.693671126961,nan,nan,nan,13.350399836566,0.074904123639883,10,1,1,14,0.035636479982273,0.035636479982273,-3.3343854471867,1,20
0.65,40,-16.693671126961,nan,nan,nan,13.350399836566,0.074904123639883,10,1,1,15,0.03344927729595,0.03344927729595,-3.3977250981436,1,20
0.65,40,-16.693671126961,nan,nan,nan,13.350399836566,0.074904123639883,10,1,1,16,0.031430780963623,0.031430780963623,-3.4599675807682,1,20
0.65,40,-16.693671126961,nan,nan,nan,13.350399836566,0.074904123639883,10,1,1,17,0.029558832452003,0.029558832452003,-3.5213726812464,1,20
0.65,40,-16.693671126961,nan,nan,nan,13.350399836566,0.074904123639883,10,1,1,18,0.027814384399894,0.027814384399894,-3.5822019676468,1,20
0.65,40,-16.693671126961,nan,nan,nan,13.350399836566,0.074904123639883,10,1,1,19,0.026180750390137,0.026180750390137,-3.6427308561863,1,20
0.65,40,-16.693671126961,nan,nan,nan,13.350399836566,0.074904123639883,10,1,1,20,0.024642913109735,0.024642913109735,-3.7032659204489,1,20
0.7,40,-12.997829679121,nan,nan,nan,7.307919996834,0.13683784174337,10,1,1,1,0.10056416408609,0.10056416408609,-2.2969593065868,1,20
0.7,40,-12.997829679121,nan,nan,nan,7.307919996834,0.13683784174337,10,1,1,2,0.084870193101049,0.084870193101049,-2.4666323297463,1,20
0.7,40,-12.997829679121,nan,nan,nan,7.307919996834,0.13683784174337,10,1,1,3,0.070939301353425,0.070939301353425,-2.6459306781004,1,20
0.7,40,-12.997829679121,nan,nan,nan,7.307919996834,0.13683784174337,10,1,1,4,0.059596291094554,0.059596291094554,-2.8201619368043,1,20
0.7,40,-12.997829679121,nan,nan,nan,7.307919996834,0.13683784174337,10,1,1,5,0.050494817987204,0.050494817987204,-2.9858845620808,1,20
0.7,40,-12.997829679121,nan,nan,nan,7.307919996834,0.13683784174337,10,1,1,6,0.043141638093562,0.043141638093562,-3.1432666671713,1,20
0.7,40,-12.997829679121,nan,nan,nan,7.307919996834,0.13683784174337,10,1,1,7,0.037126282893642,0.037126282893642,-3.2934301263986,1,20
0.7,40,-12.997829679121,nan,nan,nan,7.307919996834,0.13683784174337,10,1,1,8,0.032142791187231,0.032142791187231,-3.437567077788,1,20
0.7,40,-12.997829679121,nan,nan,nan,7.307919996834,0.13683784174337,10,1,1,9,0.027967669938928,0.027967669938928,-3.5767060809614,1,20
0.7,40,-12.997829679121,nan,nan,nan,7.307919996834,0.13683784174337,10,1,1,10,0.024436389969571,0.024436389969571,-3.7116818655083,1,20
0.7,40,-12.997829679121,nan,nan,nan,7.307919996834,0.13683784174337,10,1,1,11,0.021425755902165,0.021425755902165,-3.8431615338061,1,20
0.7,40,-12.997829679121,nan,nan,nan,7.307919996834,0.13683784174337,10,1,1,12,0.018841750148678,0.018841750148678,-3.9716801187833,1,20
0.7,40,-12.997829679121,nan,nan,nan,7.307919996834,0.13683784174337,10,1,1,13,0.016611298655024,0.016611298655024,-4.0976721732824,1,20
0.7,40,-12.997829679121,nan,nan,nan,7.307919996834,0.13683784174337,10,1,1,14,0.014676648042852,0.014676648042852,-4.2214976168237,1,20
0.7,40,-12.997829679121,nan,nan,nan,7.307919996834,0.13683784174337,10,1,1,15,0.012991464026208,0.012991464026208,-4.3434627505542,1,20
0.7,40,-12.997829679121,nan,nan,nan,7.307919996834,0.13683784174337,10,1,1,16,0.011518074002143,0.011518074002143,-4.4638378250058,1,20
0.7,40,-12.997829679121,nan,nan,nan,7.307919996834,0.13683784174337,10,1,1,17,0.010225486910308,0.010225486910308,-4.582871958597,1,20
0.7,40,-12.997829679121,nan,nan,nan,7.307919996834,0.13683784174337,10,1,1,18,0.0090879310585933,0.0090879310585933,-4.7008080030144,1,20
0.7,40,-12.997829679121,nan,nan,nan,7.307919996834,0.13683784174337,10,1,1,19,0.0080837448557196,0.0080837448557196,-4.8179000415767,1,20
0.7,40,-12.997829679121,nan,nan,nan,7.307919996834,0.13683784174337,10,1,1,20,0.0071946383972262,0.0071946383972262,-4.9344191974143,1,20
0.75,40,-10.079821105636,nan,nan,nan,4.294427600818,0.23285990426513,10,1,1,1,0.094333544147016,0.094333544147016,-2.3609184352355,1,20
0.75,40,-10.079821105636,nan,nan,nan,4.294427600818,0.23285990426513,10,1,1,2,0.071648717314415,0.071648717314415,-2.6359800269699,1,20
0.75,40,-10.079821105636,nan,nan,nan,4.294427600818,0.23285990426513,10,1,1,3,0.053826929656737,0.053826929656737,-2.9219813858079,1,20
0.75,40,-10.079821105636,nan,nan,nan,4.294427600818,0.23285990426513,10,1,1,4,0.040765292828818,0.040765292828818,-3.199924225554,1,20
0.75,40,-10.079821105636,nan,nan,nan,4.294427600818,0.23285990426513,10,1,1,5,0.031224824357532,0.031224824357532,-3.4665418480454,1,20
0.75,40,-10.079821105636,nan,nan,nan,4.294427600818,0.23285990426513,10,1,1,6,0.0241661155998,0.0241661155998,-3.7228038088165,1,20
0.75,40,-10.079821105636,nan,nan,nan,4.294427600818,0.23285990426513,10,1,1,7,0.018864523787766,0.018864523787766,-3.9704721690456,1,20
0.75,40,-10.079821105636,nan,nan,nan,4.294427600818,0.23285990426513,10,1,1,8,0.014829223412275,0.014829223412275,-4.2111554901997,1,20
0.75,40,-10.079821105636,nan,nan,nan,4.294427600818,0.23285990426513,10,1,1,9,0.011723670209129,0.011723670209129,-4.4461453860814,1,20
0.75,40,-10.079821105636,nan,nan,nan,4.294427600818,0.23285990426513,10,1,1,10,0.0093120755218395,0.0093120755218395,-4.6764432778628,1,20
0.75,40,-10.079821105636,nan,nan,nan,4.294427600818,0.23285990426513,10,1,1,11,0.0074256050738695,0.0074256050738695,-4.9028211061834,1,20
0.75,40,-10.079821105636,nan,nan,nan,4.294427600818,0.23285990426513,10,1,1,12,0.0059409904820119,0.0059409904820119,-5.125879411695,1,20
0.75,40,-10.079821105636,nan,nan,nan,4.294427600818,0.23285990426513,10,1,1,13,0.0047667318810861,0.0047667318810861,-5.3460943491312,1,20
0.75,40,-10.079821105636,nan,nan,nan,4.294427600818,0.23285990426513,10,1,1,14,0.0038339761027874,0.0038339761027874,-5.5638528673496,1,20
0.75,40,-10.079821105636,nan,nan,nan,4.294427600818,0.23285990426513,10,1,1,15,0.0030903282675528,0.0030903282675528,-5.7794779582611,1,20
0.75,40,-10.079821105636,nan,nan,nan,4.294427600818,0.23285990426513,10,1,1,16,0.0024955487739313,0.0024955487739313,-5.9932466244925,1,20
0.75,40,-10.079821105636,nan,nan,nan,4.294427600818,0.23285990426513,10,1,1,17,0.0020184949467843,0.0020184949467843,-6.2054031211253,1,20
0.75,40,-10.079821105636,nan,nan,nan,4.294427600818,0.23285990426513,10,1,1,18,0.0016349064265738,0.0016349064265738,-6.416169707724,1,20
0.75,40,-10.079821105636,nan,nan,nan,4.294427600818,0.23285990426513,10,1,1,19,0.0013257765171861,0.0013257765171861,-6.6257569404981,1,20
0.75,40,-10.079821105636,nan,nan,nan,4.294427600818,0.23285990426513,10,1,1,20,0.0010761407704251,0.0010761407704251,-6.8343739982671,1,20
0.8,40,-7.7992682843496,nan,nan,nan,2.821082532108,0.35447385484776,10,1,1,1,0.086961982595973,0.086961982595973,-2.4422842374873,1,20
0.8,40,-7.7992682843496,nan,nan,nan,2.821082532108,0.35447385484776,10,1,1,2,0.057940947813832,0.057940947813832,-2.8483309282343,1,20
0.8,40,-7.7992682843496,nan,nan,nan,2.821082532108,0.35447385484776,10,1,1,3,0.038207457337915,0.038207457337915,-3.2647245641522,1,20
0.8,40,-7.7992682843496,nan,nan,nan,2.821082532108,0.35447385484776,10,1,1,4,0.025486328238488,0.025486328238488,-3.6696131181065,1,20
0.8,40,-7.7992682843496,nan,nan,nan,2.821082532108,0.35447385484776,10,1,1,5,0.0172399196241,0.0172399196241,-4.0605276759327,1,20
0.8,40,-7.7992682843496,nan,nan,nan,2.821082532108,0.35447385484776,10,1,1,6,0.011802491015067,0.011802491015067,-4.4394446668178,1,20
0.8,40,-7.7992682843496,nan,nan,nan,2.821082532108,0.35447385484776,10,1,1,7,0.0081582892869813,0.0081582892869813,-4.8087207781882,1,20
0.8,40,-7.7992682843496,nan,nan,nan,2.821082532108,0.35447385484776,10,1,1,8,0.0056828702185262,0.0056828702185262,-5.1702988537173,1,20
0.8,40,-7.7992682843496,nan,nan,nan,2.821082532108,0.35447385484776,10,1,1,9,0.0039831146644521,0.0039831146644521,-5.525691186733,1,20
0.8,40,-7.7992682843496,nan,nan,nan,2.821082532108,0.35447385484776,10,1,1,10,0.0028057721029553,0.0028057721029553,-5.8760765183638,1,20
0.8,40,-7.7992682843496,nan,nan,nan,2.821082532108,0.35447385484776,10,1,1,11,0.001984501264064,0.001984501264064,-6.2223876487729,1,20
0.8,40,-7.7992682843496,nan,nan,nan,2.821082532108,0.35447385484776,10,1,1,12,0.0014082961128996,0.0014082961128996,-6.5653747359007,1,20
0.8,40,-7.7992682843496,nan,nan,nan,2.821082532108,0.35447385484776,10,1,1,13,0.0010021091297404,0.0010021091297404,-6.9056483703334,1,20
0.8,40,-7.7992682843496,nan,nan,nan,2.821082532108,0.35447385484776,10,1,1,14,0.00071465619552467,0.00071465619552467,-7.2437089763335,1,20
0.8,40,-7.7992682843496,nan,nan,nan,2.821082532108,0.35447385484776,10,1,1,15,0.00051057766825414,0.00051057766825414,-7.5799677903959,1,20
0.8,40,-7.7992682843496,nan,nan,nan,2.821082532108,0.35447385484776,10,1,1,16,0.0003653105304206,0.0003653105304206,-7.9147627978044,1,20
0.8,40,-7.7992682843496,nan,nan,nan,2.821082532108,0.35447385484776,10,1,1,17,0.00026168434256498,0.00026168434256498,-8.2483715799277,1,20
0.8,40,-7.7992682843496,nan,nan,nan,2.821082532108,0.35447385484776,10,1,1,18,0.00018763308121675,0.00018763308121675,-8.5810221978296,1,20
0.8,40,-7.7992682843496,nan,nan,nan,2.821082532108,0.35447385484776,10,1,1,19,0.00013464041861327,0.00013464041861327,-8.9129028989565,1,20
0.8,40,-7.7992682843496,nan,nan,nan,2.821082532108,0.35447385484776,10,1,1,20,9.6673475808942e-05,9.6673475808942e-05,-9.2441714867298,1,20
0.85,40,-6.0308099460251,nan,nan,nan,2.0247408392167,0.49389036889622,10,1,1,1,0.079058841186588,0.079058841186588,-2.537562878613,1,20
0.85,40,-6.0308099460251,nan,nan,nan,2.0247408392167,0.49389036889622,10,1,1,2,0.045395320725549,0.045395320725549,-3.0923462469659,1,20
0.85,40,-6.0308099460251,nan,nan,nan,2.0247408392167,0.49389036889622,10,1,1,3,0.02587547836314,0.02587547836314,-3.6544595401031,1,20
0.85,40,-6.0308099460251,nan,nan,nan,2.0247408392167,0.49389036889622,10,1,1,4,0.01497576167055,0.01497576167055,-4.2013222734661,1,20
0.85,40,-6.0308099460251,nan,nan,nan,2.0247408392167,0.49389036889622,10,1,1,5,0.008809704110467,0.008809704110467,-4.7319014252431,1,20
0.85,40,-6.0308099460251,nan,nan,nan,2.0247408392167,0.49389036889622,10,1,1,6,0.0052520595668208,0.0052520595668208,-5.2491349808655,1,20
0.85,40,-6.0308099460251,nan,nan,nan,2.0247408392167,0.49389036889622,10,1,1,7,0.0031639381521599,0.0031639381521599,-5.7559377766256,1,20
0.85,40,-6.0308099460251,nan,nan,nan,2.0247408392167,0.49389036889622,10,1,1,8,0.001921562264148,0.001921562264148,-6.2546167445562,1,20
0.85,40,-6.0308099460251,nan,nan,nan,2.0247408392167,0.49389036889622,10,1,1,9,0.0011743845529785,0.0011743845529785,-6.7470110533082,1,20
0.85,40,-6.0308099460251,nan,nan,nan,2.0247408392167,0.49389036889622,10,1,1,10,0.00072119272905421,0.00072119272905421,-7.2346041484189,1,20
0.85,40,-6.0308099460251,nan,nan,nan,2.0247408392167,0.49389036889622,10,1,1,11,0.00044449561004162,0.00044449561004162,-7.7185703792309,1,20
0.85,40,-6.0308099460251,nan,nan,nan,2.0247408392167,0.49389036889622,10,1,1,12,0.00027470591201647,0.00027470591201647,-8.1998094433747,1,20
0.85,40,-6.0308099460251,nan,nan,nan,2.0247408392167,0.49389036889622,10,1,1,13,0.00017011786927275,0.00017011786927275,-8.6790190125059,1,20
0.85,40,-6.0308099460251,nan,nan,nan,2.0247408392167,0.49389036889622,10,1,1,14,0.00010550560427229,0.00010550560427229,-9.1567464853947,1,20
0.85,40,-6.0308099460251,nan,nan,nan,2.0247408392167,0.49389036889622,10,1,1,15,6.5504320536313e-05,6.5504320536313e-05,-9.633394455112,1,20
0.85,40,-6.0308099460251,nan,nan,nan,2.0247408392167,0.49389036889622,10,1,1,16,4.0701529304686e-05,4.0701529304686e-05,-10.109244891168,1,20
0.85,40,-6.0308099460251,nan,nan,nan,2.0247408392167,0.49389036889622,10,1,1,17,2.5305279638002e-05,2.5305279638002e-05,-10.584497502658,1,20
0.85,40,-6.0308099460251,nan,nan,nan,2.0247408392167,0.49389036889622,10,1,1,18,1.5740118058026e-05,1.5740118058026e-05,-11.059297814493,1,20
0.85,40,-6.0308099460251,nan,nan,nan,2.0247408392167,0.49389036889622,10,1,1,19,9.7938726854024e-06,9.7938726854024e-06,-11.533753604013,1,20
0.85,40,-6.0308099460251,nan,nan,nan,2.0247408392167,0.49389036889622,10,1,1,20,6.0955880485085e-06,6.0955880485085e-06,-12.007945319208,1,20
0.9,40,-4.6667915690984,nan,nan,nan,1.557855045342,0.64190824620686,10,1,1,1,0.071074011594131,0.071074011594131,-2.6440335280612,1,20
0.9,40,-4.6667915690984,nan,nan,nan,1.557855045342,0.64190824620686,10,1,1,2,0.034761840817234,0.034761840817234,-3.3592350220691,1,20
0.9,40,-4.6667915690984,nan,nan,nan,1.557855045342,0.64190824620686,10,1,1,3,0.016967534068579,0.016967534068579,-4.0764535215157,1,20
0.9,40,-4.6667915690984,nan,nan,nan,1.557855045342,0.64190824620686,10,1,1,4,0.0084415445992428,0.0084415445992428,-4.7745899777295,1,20
0.9,40,-4.6667915690984,nan,nan,nan,1.557855045342,0.64190824620686,10,1,1,5,0.0042774553160025,0.0042774553160025,-5.4543969985406,1,20
0.9,40,-4.6667915690984,nan,nan,nan,1.557855045342,0.64190824620686,10,1,1,6,0.0021987892300019,0.0021987892300019,-6.1198484201151,1,20
0.9,40,-4.6667915690984,nan,nan,nan,1.557855045342,0.64190824620686,10,1,1,7,0.0011427594377507,0.0011427594377507,-6.7743093819804,1,20
0.9,40,-4.6667915690984,nan,nan,nan,1.557855045342,0.64190824620686,10,1,1,8,0.00059894200121618,0.00059894200121618,-7.4203457905532,1,20
0.9,40,-4.6667915690984,nan,nan,nan,1.557855045342,0.64190824620686,10,1,1,9,0.00031593882851462,0.00031593882851462,-8.0599619437664,1,20
0.9,40,-4.6667915690984,nan,nan,nan,1.557855045342,0.64190824620686,10,1,1,10,0.00016746529754877,0.00016746529754877,-8.6947344069769,1,20
0.9,40,-4.6667915690984,nan,nan,nan,1.557855045342,0.64190824620686,10,1,1,11,8.9087791633324e-05,8.9087791633324e-05,-9.3258882515811,1,20
0.9,40,-4.6667915690984,nan,nan,nan,1.557855045342,0.64190824620686,10,1,1,12,4.7519997648687e-05,4.7519997648687e-05,-9.9543599323904,1,20
0.9,40,-4.6667915690984,nan,nan,nan,1.557855045342,0.64190824620686,10,1,1,13,2.5397615970153e-05,2.5397615970153e-05,-10.580855247788,1,20
0.9,40,-4.6667915690984,nan,nan,nan,1.557855045342,0.64190824620686,10,1,1,14,1.3593748953662e-05,1.3593748953662e-05,-11.205900506647,1,20
0.9,40,-4.6667915690984,nan,nan,nan,1.557855045342,0.64190824620686,10,1,1,15,7.2836011499528e-06,7.2836011499528e-06,-11.829885154606,1,20
0.9,40,-4.6667915690984,nan,nan,nan,1.557855045342,0.64190824620686,10,1,1,16,3.9056131247931e-06,3.9056131247931e-06,-12.453095776807,1,20
0.9,40,-4.6667915690984,nan,nan,nan,1.557855045342,0.64190824620686,10,1,1,17,2.0954495734009e-06,2.0954495734009e-06,-13.075742434103,1,20
0.9,40,-4.6667915690984,nan,nan,nan,1.557855045342,0.64190824620686,10,1,1,18,1.1247175032226e-06,1.1247175032226e-06,-13.697978662087,1,20
0.9,40,-4.6667915690984,nan,nan,nan,1.557855045342,0.64190824620686,10,1,1,19,6.0386422475974e-07,6.0386422475974e-07,-14.319916457726,1,20
0.9,40,-4.6667915690984,nan,nan,nan,1.557855045342,0.64190824620686,10,1,1,20,3.242868362304e-07,3.242868362304e-07,-14.941637415791,1,20
0.95,40,-3.6183782834403,nan,nan,nan,1.2444336806185,0.80357837912502,10,1,1,1,0.063324538991703,0.063324538991703,-2.7594823631572,1,20
0.95,40,-3.6183782834403,nan,nan,nan,1.2444336806185,0.80357837912502,10,1,1,2,0.026198863920994,0.026198863920994,-3.6420392309494,1,20
0.95,40,-3.6183782834403,nan,nan,nan,1.2444336806185,0.80357837912502,10,1,1,3,0.010894323472572,0.010894323472572,-4.5195134077341,1,20
0.95,40,-3.6183782834403,nan,nan,nan,1.2444336806185,0.80357837912502,10,1,1,4,0.0046349892744339,0.0046349892744339,-5.374121394005,1,20
0.95,40,-3.6183782834403,nan,nan,nan,1.2444336806185,0.80357837912502,10,1,1,5,0.0020116721679563,0.0020116721679563,-6.2087889784121,1,20
0.95,40,-3.6183782834403,nan,nan,nan,1.2444336806185,0.80357837912502,10,1,1,6,0.00088633392815781,0.00088633392815781,-7.0284167842826,1,20
0.95,40,-3.6183782834403,nan,nan,nan,1.2444336806185,0.80357837912502,10,1,1,7,0.00039460772537081,0.00039460772537081,-7.8376183868411,1,20
0.95,40,-3.6183782834403,nan,nan,nan,1.2444336806185,0.80357837912502,10,1,1,8,0.00017690239144616,0.00017690239144616,-8.639912438257,1,20
0.95,40,-3.6183782834403,nan,nan,nan,1.2444336806185,0.80357837912502,10,1,1,9,7.9660715823254e-05,7.9660715823254e-05,-9.4377339942701,1,20
0.95,40,-3.6183782834403,nan,nan,nan,1.2444336806185,0.80357837912502,10,1,1,10,3.5974712765471e-05,3.5974712765471e-05,-10.232694289504,1,20
0.95,40,-3.6183782834403,nan,nan,nan,1.2444336806185,0.80357837912502,10,1,1,11,1.6275715990728e-05,1.6275715990728e-05,-11.025836377551,1,20
0.95,40,-3.6183782834403,nan,nan,nan,1.2444336806185,0.80357837912502,10,1,1,12,7.3719545548566e-06,7.3719545548566e-06,-11.817827682737,1,20
0.95,40,-3.6183782834403,nan,nan,nan,1.2444336806185,0.80357837912502,10,1,1,13,3.3414944099268e-06,3.3414944099268e-06,-12.60909242292,1,20
0.95,40,-3.6183782834403,nan,nan,nan,1.2444336806185,0.80357837912502,10,1,1,14,1.5152969359385e-06,1.5152969359385e-06,-13.399899140889,1,20
0.95,40,-3.6183782834403,nan,nan,nan,1.2444336806185,0.80357837912502,10,1,1,15,6.8735330534933e-07,6.8735330534933e-07,-14.190417404211,1,20
0.95,40,-3.6183782834403,nan,nan,nan,1.2444336806185,0.80357837912502,10,1,1,16,3.1184670043745e-07,3.1184670043745e-07,-14.980754114638,1,20
0.95,40,-3.6183782834403,nan,nan,nan,1.2444336806185,0.80357837912502,10,1,1,17,1.4149851707733e-07,1.4149851707733e-07,-15.770976599937,1,20
0.95,40,-3.6183782834403,nan,nan,nan,1.2444336806185,0.80357837912502,10,1,1,18,6.4208692565072e-08,6.4208692565072e-08,-16.561127237206,1,20
0.95,40,-3.6183782834403,nan,nan,nan,1.2444336806185,0.80357837912502,10,1,1,19,2.9137708152403e-08,2.9137708152403e-08,-17.351232688812,1,20
0.95,40,-3.6183782834403,nan,nan,nan,1.2444336806185,0.80357837912502,10,1,1,20,1.3222978486617e-08,1.3222978486617e-08,-18.14130972634,1,20
1,40,-2.8140899808505,nan,nan,nan,1.0361447049274,0.96511616113511,10,1,1,1,0.056026384125093,0.056026384125093,-2.88193255411,1,20
1,40,-2.8140899808505,nan,nan,nan,1.0361447049274,0.96511616113511,10,1,1,2,0.019544426780826,0.019544426780826,-3.935065108342,1,20
1,40,-2.8140899808505,nan,nan,nan,1.0361447049274,0.96511616113511,10,1,1,3,0.0069092637463428,0.0069092637463428,-4.974892195889,1,20
1,40,-2.8140899808505,nan,nan,nan,1.0361447049274,0.96511616113511,10,1,1,4,0.0025077708001061,0.0025077708001061,-5.9883610479051,1,20
1,40,-2.8140899808505,nan,nan,nan,1.0361447049274,0.96511616113511,10,1,1,5,0.00092952571217269,0.00092952571217269,-6.9808360888156,1,20
1,40,-2.8140899808505,nan,nan,nan,1.0361447049274,0.96511616113511,10,1,1,6,0.00034961296576671,0.00034961296576671,-7.9586838274372,1,20
1,40,-2.8140899808505,nan,nan,nan,1.0361447049274,0.96511616113511,10,1,1,7,0.00013275167319498,0.00013275167319498,-8.9270302938163,1,20
1,40,-2.8140899808505,nan,nan,nan,1.0361447049274,0.96511616113511,10,1,1,8,5.0707956232407e-05,5.0707956232407e-05,-9.8894277320181,1,20
1,40,-2.8140899808505,nan,nan,nan,1.0361447049274,0.96511616113511,10,1,1,9,1.9440178577873e-05,1.9440178577873e-05,-10.84816857287,1,20
1,40,-2.8140899808505,nan,nan,nan,1.0361447049274,0.96511616113511,10,1,1,10,7.4694952139328e-06,7.4694952139328e-06,-11.804683136212,1,20
1,40,-2.8140899808505,nan,nan,nan,1.0361447049274,0.96511616113511,10,1,1,11,2.8738751224406e-06,2.8738751224406e-06,-12.759849222038,1,20
1,40,-2.8140899808505,nan,nan,nan,1.0361447049274,0.96511616113511,10,1,1,12,1.1066192394255e-06,1.1066192394255e-06,-13.714200920563,1,20
1,40,-2.8140899808505,nan,nan,nan,1.0361447049274,0.96511616113511,10,1,1,13,4.2632595181645e-07,4.2632595181645e-07,-14.668061638142,1,20
1,40,-2.8140899808505,nan,nan,nan,1.0361447049274,0.96511616113511,10,1,1,14,1.6429098886599e-07,1.6429098886599e-07,-15.621626659019,1,20
1,40,-2.8140899808505,nan,nan,nan,1.0361447049274,0.96511616113511,10,1,1,15,6.3323222806595e-08,6.3323222806595e-08,-16.575013706094,1,20
1,40,-2.8140899808505,nan,nan,nan,1.0361447049274,0.96511616113511,10,1,1,16,2.4409494173312e-08,2.4409494173312e-08,-17.528293674866,1,20
1,40,-2.8140899808505,nan,nan,nan,1.0361447049274,0.96511616113511,10,1,1,17,9.4098461368616e-09,9.4098461368616e-09,-18.481509234507,1,20
1,40,-2.8140899808505,nan,nan,nan,1.0361447049274,0.96511616113511,10,1,1,18,3.6276308634687e-09,3.6276308634687e-09,-19.434686056433,1,20
1,40,-2.8140899808505,nan,nan,nan,1.0361447049274,0.96511616113511,10,1,1,19,1.3985363909206e-09,1.3985363909206e-09,-20.38783958223,1,20
1,40,-2.8140899808505,nan,nan,nan,1.0361447049274,0.96511616113511,10,1,1,20,5.3917598323277e-10,5.3917598323277e-10,-21.340979098805,1,20
1.05,40,-2.1973627730855,nan,nan,nan,0.88843624917008,1.1255731640105,10,1,1,1,0.049314026150107,0.049314026150107,-3.0095467323103,1,20
1.05,40,-2.1973627730855,nan,nan,nan,0.88843624917008,1.1255731640105,10,1,1,2,0.014499324287804,0.014499324287804,-4.2336532314825,1,20
1.05,40,-2.1973627730855,nan,nan,nan,0.88843624917008,1.1255731640105,10,1,1,3,0.0043578372866448,0.0043578372866448,-5.4357793798605,1,20
1.05,40,-2.1973627730855,nan,nan,nan,0.88843624917008,1.1255731640105,10,1,1,4,0.0013491379474424,0.0013491379474424,-6.6082894479465,1,20
1.05,40,-2.1973627730855,nan,nan,nan,0.88843624917008,1.1255731640105,10,1,1,5,0.00042687980907306,0.00042687980907306,-7.7590080619385,1,20
1.05,40,-2.1973627730855,nan,nan,nan,0.88843624917008,1.1255731640105,10,1,1,6,0.00013702523318191,0.00013702523318191,-8.8953454652863,1,20
1.05,40,-2.1973627730855,nan,nan,nan,0.88843624917008,1.1255731640105,10,1,1,7,4.4379345620681e-05,4.4379345620681e-05,-10.022736385483,1,20
1.05,40,-2.1973627730855,nan,nan,nan,0.88843624917008,1.1255731640105,10,1,1,8,1.4451240527803e-05,1.4451240527803e-05,-11.144730297416,1,20
1.05,40,-2.1973627730855,nan,nan,nan,0.88843624917008,1.1255731640105,10,1,1,9,4.7208661457798e-06,4.7208661457798e-06,-12.26351826974,1,20
1.05,40,-2.1973627730855,nan,nan,nan,0.88843624917008,1.1255731640105,10,1,1,10,1.54510777376e-06,1.54510777376e-06,-13.380416893568,1,20
1.05,40,-2.1973627730855,nan,nan,nan,0.88843624917008,1.1255731640105,10,1,1,11,5.0626436979075e-07,5.0626436979075e-07,-14.496206834157,1,20
1.05,40,-2.1973627730855,nan,nan,nan,0.88843624917008,1.1255731640105,10,1,1,12,1.6598842833401e-07,1.6598842833401e-07,-15.611347759851,1,20
1.05,40,-2.1973627730855,nan,nan,nan,0.88843624917008,1.1255731640105,10,1,1,13,5.4443123497523e-08,5.4443123497523e-08,-16.726109285763,1,20
1.05,40,-2.1973627730855,nan,nan,nan,0.88843624917008,1.1255731640105,10,1,1,14,1.7860947651786e-08,1.7860947651786e-08,-17.840649202895,1,20
1.05,40,-2.1973627730855,nan,nan,nan,0.88843624917008,1.1255731640105,10,1,1,15,5.8603310664471e-09,5.8603310664471e-09,-18.955059738973,1,20
1.05,40,-2.1973627730855,nan,nan,nan,0.88843624917008,1.1255731640105,10,1,1,16,1.9229704062047e-09,1.9229704062047e-09,-20.069394759847,1,20
1.05,40,-2.1973627730855,nan,nan,nan,0.88843624917008,1.1255731640105,10,1,1,17,6.3101864062288e-10,6.3101864062288e-10,-21.183685712424,1,20
1.05,40,-2.1973627730855,nan,nan,nan,0.88843624917008,1.1255731640105,10,1,1,18,2.0707274680522e-10,2.0707274680522e-10,-22.29795095056,1,20
1.05,40,-2.1973627730855,nan,nan,nan,0.88843624917008,1.1255731640105,10,1,1,19,6.7953247447202e-11,6.7953247447202e-11,-23.412201184756,1,20
1.05,40,-2.1973627730855,nan,nan,nan,0.88843624917008,1.1255731640105,10,1,1,20,2.229981653392e-11,2.229981653392e-11,-24.526442664675,1,20
1.1,40,-1.724010369682,nan,nan,nan,0.78038611193687,1.2814169610452,10,1,1,1,0.043255132923185,0.043255132923185,-3.1406393723414,1,20
1.1,40,-1.724010369682,nan,nan,nan,0.78038611193687,1.2814169610452,10,1,1,2,0.010736797560998,0.010736797560998,-4.5340784130436,1,20
1.1,40,-1.724010369682,nan,nan,nan,0.78038611193687,1.2814169610452,10,1,1,3,0.0027476914007823,0.0027476914007823,-5.8969942104979,1,20
1.1,40,-1.724010369682,nan,nan,nan,0.78038611193687,1.2814169610452,10,1,1,4,0.00072638998426297,0.00072638998426297,-7.2274235189565,1,20
1.1,40,-1.724010369682,nan,nan,nan,0.78038611193687,1.2814169610452,10,1,1,5,0.00019648323870116,0.00019648323870116,-8.5349334295239,1,20
1.1,40,-1.724010369682,nan,nan,nan,0.78038611193687,1.2814169610452,10,1,1,6,5.3949276838943e-05,5.3949276838943e-05,-9.8274662706328,1,20
1.1,40,-1.724010369682,nan,nan,nan,0.78038611193687,1.2814169610452,10,1,1,7,1.495185328467e-05,1.495185328467e-05,-11.110675300281,1,20
1.1,40,-1.724010369682,nan,nan,nan,0.78038611193687,1.2814169610452,10,1,1,8,4.1673285136693e-06,4.1673285136693e-06,-12.388235371658,1,20
1.1,40,-1.724010369682,nan,nan,nan,0.78038611193687,1.2814169610452,10,1,1,9,1.1654280345241e-06,1.1654280345241e-06,-13.662422126817,1,20
1.1,40,-1.724010369682,nan,nan,nan,0.78038611193687,1.2814169610452,10,1,1,10,3.2657367322317e-07,3.2657367322317e-07,-14.934610268284,1,20
1.1,40,-1.724010369682,nan,nan,nan,0.78038611193687,1.2814169610452,10,1,1,11,9.1619701685811e-08,9.1619701685811e-08,-16.205619504487,1,20
1.1,40,-1.724010369682,nan,nan,nan,0.78038611193687,1.2814169610452,10,1,1,12,2.5721589954882e-08,2.5721589954882e-08,-17.475935121646,1,20
1.1,40,-1.724010369682,nan,nan,nan,0.78038611193687,1.2814169610452,10,1,1,13,7.2240994896313e-09,7.2240994896313e-09,-18.745843248829,1,20
1.1,40,-1.724010369682,nan,nan,nan,0.78038611193687,1.2814169610452,10,1,1,14,2.0294273215793e-09,2.0294273215793e-09,-20.015512191289,1,20
1.1,40,-1.724010369682,nan,nan,nan,0.78038611193687,1.2814169610452,10,1,1,15,5.7019608162713e-10,5.7019608162713e-10,-21.285040811401,1,20
1.1,40,-1.724010369682,nan,nan,nan,0.78038611193687,1.2814169610452,10,1,1,16,1.6021777484323e-10,1.6021777484323e-10,-22.554487133372,1,20
1.1,40,-1.724010369682,nan,nan,nan,0.78038611193687,1.2814169610452,10,1,1,17,4.5021309374996e-11,4.5021309374996e-11,-23.823885196577,1,20
1.1,40,-1.724010369682,nan,nan,nan,0.78038611193687,1.2814169610452,10,1,1,18,1.2651378121684e-11,1.2651378121684e-11,-25.093254964263,1,20
1.1,40,-1.724010369682,nan,nan,nan,0.78038611193687,1.2814169610452,10,1,1,19,3.5552058770475e-12,3.5552058770475e-12,-26.362608142382,1,20
1.1,40,-1.724010369682,nan,nan,nan,0.78038611193687,1.2814169610452,10,1,1,20,9.9906995408898e-13,9.9906995408898e-13,-27.631951594601,1,20
1.15,40,-1.3598904190785,nan,nan,nan,0.6965759335236,1.4355936687929,10,1,1,1,0.037865139399675,0.037865139399675,-3.2737243949316,1,20
1.15,40,-1.3598904190785,nan,nan,nan,0.6965759335236,1.4355936687929,10,1,1,2,0.0079588508430532,0.0079588508430532,-4.8334706559983,1,20
1.15,40,-1.3598904190785,nan,nan,nan,0.6965759335236,1.4355936687929,10,1,1,3,0.0017389007830912,0.0017389007830912,-6.3545020992393,1,20
1.15,40,-1.3598904190785,nan,nan,nan,0.6965759335236,1.4355936687929,10,1,1,4,0.00039341877854069,0.00039341877854069,-7.8406359191864,1,20
1.15,40,-1.3598904190785,nan,nan,nan,0.6965759335236,1.4355936687929,10,1,1,5,9.1151644868116e-05,9.1151644868116e-05,-9.3029860112743,1,20
1.15,40,-1.3598904190785,nan,nan,nan,0.6965759335236,1.4355936687929,10,1,1,6,2.1447075350094e-05,2.1447075350094e-05,-10.749922269201,1,20
1.15,40,-1.3598904190785,nan,nan,nan,0.6965759335236,1.4355936687929,10,1,1,7,5.094969433901e-06,5.094969433901e-06,-12.187256890542,1,20
1.15,40,-1.3598904190785,nan,nan,nan,0.6965759335236,1.4355936687929,10,1,1,8,1.2174473462943e-06,1.2174473462943e-06,-13.618754230322,1,20
1.15,40,-1.3598904190785,nan,nan,nan,0.6965759335236,1.4355936687929,10,1,1,9,2.91930076049e-07,2.91930076049e-07,-15.04675152894,1,20
1.15,40,-1.3598904190785,nan,nan,nan,0.6965759335236,1.4355936687929,10,1,1,10,7.0147432695146e-08,7.0147432695146e-08,-16.472666628428,1,20
1.15,40,-1.3598904190785,nan,nan,nan,0.6965759335236,1.4355936687929,10,1,1,11,1.6876417089872e-08,1.6876417089872e-08,-17.897348628017,1,20
1.15,40,-1.3598904190785,nan,nan,nan,0.6965759335236,1.4355936687929,10,1,1,12,4.0631702774759e-09,4.0631702774759e-09,-19.321302311521,1,20
1.15,40,-1.3598904190785,nan,nan,nan,0.6965759335236,1.4355936687929,10,1,1,13,9.7867011127937e-10,9.7867011127937e-10,-20.744826495169,1,20
1.15,40,-1.3598904190785,nan,nan,nan,0.6965759335236,1.4355936687929,10,1,1,14,2.3578573444264e-10,2.3578573444264e-10,-22.168097628202,1,20
1.15,40,-1.3598904190785,nan,nan,nan,0.6965759335236,1.4355936687929,10,1,1,15,5.6815056235485e-11,5.6815056235485e-11,-23.591219750759,1,20
1.15,40,-1.3598904190785,nan,nan,nan,0.6965759335236,1.4355936687929,10,1,1,16,1.3691387150576e-11,1.3691387150576e-11,-25.014254155934,1,20
1.15,40,-1.3598904190785,nan,nan,nan,0.6965759335236,1.4355936687929,10,1,1,17,3.2995436819459e-12,3.2995436819459e-12,-26.437236935216,1,20
1.15,40,-1.3598904190785,nan,nan,nan,0.6965759335236,1.4355936687929,10,1,1,18,7.9519475690028e-13,7.9519475690028e-13,-27.860189333025,1,20
1.15,40,-1.3598904190785,nan,nan,nan,0.6965759335236,1.4355936687929,10,1,1,19,1.9164650254426e-13,1.9164650254426e-13,-29.283123852433,1,20
1.15,40,-1.3598904190785,nan,nan,nan,0.6965759335236,1.4355936687929,10,1,1,20,4.6188393480513e-14,4.6188393480513e-14,-30.70604785175,1,20
1.2,40,-1.0788601908722,nan,nan,nan,0.60855365833042,1.6432404707639,10,1,1,1,0.033122207457645,0.033122207457645,-3.4075513013949,1,20
1.2,40,-1.0788601908722,nan,nan,nan,0.60855365833042,1.6432404707639,10,1,1,2,0.0059183474399448,0.0059183474399448,-5.1296980177134,1,20
1.2,40,-1.0788601908722,nan,nan,nan,0.60855365833042,1.6432404707639,10,1,1,3,0.0011077569676636,0.0011077569676636,-6.8054180579802,1,20
1.2,40,-1.0788601908722,nan,nan,nan,0.60855365833042,1.6432404707639,10,1,1,4,0.00021242932186662,0.00021242932186662,-8.4569012279051,1,20
1.2,40,-1.0788601908722,nan,nan,nan,0.60855365833042,1.6432404707639,10,1,1,5,4.1066111530973e-05,4.1066111530973e-05,-10.100327313539,1,20
1.2,40,-1.0788601908722,nan,nan,nan,0.60855365833042,1.6432404707639,10,1,1,6,7.9589744841111e-06,7.9589744841111e-06,-11.741210400062,1,20
1.2,40,-1.0788601908722,nan,nan,nan,0.60855365833042,1.6432404707639,10,1,1,7,1.5437452321322e-06,1.5437452321322e-06,-13.381299125072,1,20
1.2,40,-1.0788601908722,nan,nan,nan,0.60855365833042,1.6432404707639,10,1,1,8,2.9950331200887e-07,2.9950331200887e-07,-15.021140360992,1,20
1.2,40,-1.0788601908722,nan,nan,nan,0.60855365833042,1.6432404707639,10,1,1,9,5.8111366989243e-08,5.8111366989243e-08,-16.660904546971,1,20
1.2,40,-1.0788601908722,nan,nan,nan,0.60855365833042,1.6432404707639,10,1,1,10,1.1275374347271e-08,1.1275374347271e-08,-18.300644750577,1,20
1.2,40,-1.0788601908722,nan,nan,nan,0.60855365833042,1.6432404707639,10,1,1,11,2.1877822225413e-09,2.1877822225413e-09,-19.94037749,1,20
1.2,40,-1.0788601908722,nan,nan,nan,0.60855365833042,1.6432404707639,10,1,1,12,4.2450051102587e-10,4.2450051102587e-10,-21.580107906348,1,20
1.2,40,-1.0788601908722,nan,nan,nan,0.60855365833042,1.6432404707639,10,1,1,13,8.2366888390733e-11,8.2366888390733e-11,-23.219837599691,1,20
1.2,40,-1.0788601908722,nan,nan,nan,0.60855365833042,1.6432404707639,10,1,1,14,1.598185550676e-11,1.598185550676e-11,-24.859567068016,1,20
1.2,40,-1.0788601908722,nan,nan,nan,0.60855365833042,1.6432404707639,10,1,1,15,3.1010000294668e-12,3.1010000294668e-12,-26.499296466308,1,20
1.2,40,-1.0788601908722,nan,nan,nan,0.60855365833042,1.6432404707639,10,1,1,16,6.0169492761832e-13,6.0169492761832e-13,-28.139025842804,1,20
1.2,40,-1.0788601908722,nan,nan,nan,0.60855365833042,1.6432404707639,10,1,1,17,1.1674839888324e-13,1.1674839888324e-13,-29.778755212518,1,20
1.2,40,-1.0788601908722,nan,nan,nan,0.60855365833042,1.6432404707639,10,1,1,18,2.2652989156021e-14,2.2652989156021e-14,-31.418484580121,1,20
1.2,40,-1.0788601908722,nan,nan,nan,0.60855365833042,1.6432404707639,10,1,1,19,4.3954171787294e-15,4.3954171787294e-15,-33.058213947066,1,20
1.2,40,-1.0788601908722,nan,nan,nan,0.60855365833042,1.6432404707639,10,1,1,20,8.5285398964055e-16,8.5285398964055e-16,-34.697943313807,1,20
1.25,40,-0.86104140635424,nan,nan,nan,0.55756345599419,1.7935178305703,10,1,1,1,0.028981037899878,0.028981037899878,-3.5411135283804,1,20
1.25,40,-0.86104140635424,nan,nan,nan,0.55756345599419,1.7935178305703,10,1,1,2,0.0044216459313063,0.0044216459313063,-5.4212432695613,1,20
1.25,40,-0.86104140635424,nan,nan,nan,0.55756345599419,1.7935178305703,10,1,1,3,0.0007112880670241,0.0007112880670241,-7.2484330526567,1,20
1.25,40,-0.86104140635424,nan,nan,nan,0.55756345599419,1.7935178305703,10,1,1,4,0.00011742079186263,0.00011742079186263,-9.049746563503,1,20
1.25,40,-0.86104140635424,nan,nan,nan,0.55756345599419,1.7935178305703,10,1,1,5,1.955110882258e-05,1.955110882258e-05,-10.842478555874,1,20
1.25,40,-0.86104140635424,nan,nan,nan,0.55756345599419,1.7935178305703,10,1,1,6,3.2642154127113e-06,3.2642154127113e-06,-12.632491126499,1,20
1.25,40,-0.86104140635424,nan,nan,nan,0.55756345599419,1.7935178305703,10,1,1,7,5.4545243568789e-07,5.4545243568789e-07,-14.421650229448,1,20
1.25,40,-0.86104140635424,nan,nan,nan,0.55756345599419,1.7935178305703,10,1,1,8,9.116979592217e-08,9.116979592217e-08,-16.210542179784,1,20
1.25,40,-0.86104140635424,nan,nan,nan,0.55756345599419,1.7935178305703,10,1,1,9,1.523987374275e-08,1.523987374275e-08,-17.999350571319,1,20
1.25,40,-0.86104140635424,nan,nan,nan,0.55756345599419,1.7935178305703,10,1,1,10,2.5475522670805e-09,2.5475522670805e-09,-19.788132834033,1,20
1.25,40,-0.86104140635424,nan,nan,nan,0.55756345599419,1.7935178305703,10,1,1,11,4.2586150553659e-10,4.2586150553659e-10,-21.576906926891,1,20
1.25,40,-0.86104140635424,nan,nan,nan,0.55756345599419,1.7935178305703,10,1,1,12,7.1189308856582e-11,7.1189308856582e-11,-23.365678465294,1,20
1.25,40,-0.86104140635424,nan,nan,nan,0.55756345599419,1.7935178305703,10,1,1,13,1.1900398785327e-11,1.1900398785327e-11,-25.154449205001,1,20
1.25,40,-0.86104140635424,nan,nan,nan,0.55756345599419,1.7935178305703,10,1,1,14,1.9893370070502e-12,1.9893370070502e-12,-26.943219694989,1,20
1.25,40,-0.86104140635424,nan,nan,nan,0.55756345599419,1.7935178305703,10,1,1,15,3.3254869084768e-13,3.3254869084768e-13,-28.731990106896,1,20
1.25,40,-0.86104140635424,nan,nan,nan,0.55756345599419,1.7935178305703,10,1,1,16,5.5590698857145e-14,5.5590698857145e-14,-30.52076049439,1,20
1.25,40,-0.86104140635424,nan,nan,nan,0.55756345599419,1.7935178305703,10,1,1,17,9.2928521688594e-15,9.2928521688594e-15,-32.309530874257,1,20
1.25,40,-0.86104140635424,nan,nan,nan,0.55756345599419,1.7935178305703,10,1,1,18,1.553445152053e-15,1.553445152053e-15,-34.098301251732,1,20
1.25,40,-0.86104140635424,nan,nan,nan,0.55756345599419,1.7935178305703,10,1,1,19,2.5968258166602e-16,2.5968258166602e-16,-35.887071628455,1,20
1.25,40,-0.86104140635424,nan,nan,nan,0.55756345599419,1.7935178305703,10,1,1,20,4.3409993038373e-17,4.3409993038373e-17,-37.675842004951,1,20
