g,N,E0,E1,gap,xi_gap,xi_corr,m_corr,i0,comp_i,comp_j,r,corr,abs_corr,log_abs_corr,rMin,rMax
0.6,50,-26.81411816258,nan,nan,nan,25.110566767502,0.039823872127577,12,2,2,1,0.10776807487344,0.10776807487344,-2.2277738158211,1,24
0.6,50,-26.81411816258,nan,nan,nan,25.110566767502,0.039823872127577,12,2,2,2,0.1019909451872,0.1019909451872,-2.2828712423129,1,24
0.6,50,-26.81411816258,nan,nan,nan,25.110566767502,0.039823872127577,12,2,2,3,0.095872305615343,0.095872305615343,-2.344738122789,1,24
0.6,50,-26.81411816258,nan,nan,nan,25.110566767502,0.039823872127577,12,2,2,4,0.090138084818982,0.090138084818982,-2.406412508684,1,24
0.6,50,-26.81411816258,nan,nan,nan,25.110566767502,0.039823872127577,12,2,2,5,0.084993868398514,0.084993868398514,-2.4651761615819,1,24
0.6,50,-26.81411816258,nan,nan,nan,25.110566767502,0.039823872127577,12,2,2,6,0.080441333880668,0.080441333880668,-2.5202271319095,1,24
0.6,50,-26.81411816258,nan,nan,nan,25.110566767502,0.039823872127577,12,2,2,7,0.076413936723989,0.076413936723989,-2.5715901815925,1,24
0.6,50,-26.81411816258,nan,nan,nan,25.110566767502,0.039823872127577,12,2,2,8,0.072832994696911,0.072832994696911,-2.6195862025957,1,24
0.6,50,-26.81411816258,nan,nan,nan,25.110566767502,0.039823872127577,12,2,2,9,0.069623964408072,0.069623964408072,-2.6646464546971,1,24
0.6,50,-26.81411816258,nan,nan,nan,25.110566767502,0.039823872127577,12,2,2,10,0.066729634427043,0.066729634427043,-2.7071061304715,1,24
0.6,50,-26.81411816258,nan,nan,nan,25.110566767502,0.039823872127577,12,2,2,11,0.064095115079261,0.064095115079261,-2.7473871257713,1,24
0.6,50,-26.81411816258,nan,nan,nan,25.110566767502,0.039823872127577,12,2,2,12,0.061681304093562,0.061681304093562,-2.7857744070588,1,24
0.6,50,-26.81411816258,nan,nan,nan,25.110566767502,0.039823872127577,12,2,2,13,0.059455167502292,0.059455167502292,-2.8225327378013,1,24
0.6,50,-26.81411816258,nan,nan,nan,25.110566767502,0.039823872127577,12,2,2,14,0.057389270157965,0.057389270157965,-2.8578979241763,1,24
0.6,50,-26.81411816258,nan,nan,nan,25.110566767502,0.039823872127577,12,2,2,15,0.055462961444354,0.055462961444354,-2.8920398423775,1,24
0.6,50,-26.81411816258,nan,nan,nan,25.110566767502,0.039823872127577,12,2,2,16,0.053655919153995,0.053655919153995,-2.9251634869326,1,24
0.6,50,-26.81411816258,nan,nan,nan,25.110566767502,0.039823872127577,12,2,2,17,0.051955493748621,0.051955493748621,-2.9573678163328,1,24
0.6,50,-26.81411816258,nan,nan,nan,25.110566767502,0.039823872127577,12,2,2,18,0.050346237704118,0.050346237704118,-2.9888313854671,1,24
0.6,50,-26.81411816258,nan,nan,nan,25.110566767502,0.039823872127577,12,2,2,19,0.04881895849035,0.04881895849035,-3.0196365479124,1,24
0.6,50,-26.81411816258,nan,nan,nan,25.110566767502,0.039823872127577,12,2,2,20,0.047362639075736,0.047362639075736,-3.0499215662314,1,24
0.6,50,-26.81411816258,nan,nan,nan,25.110566767502,0.039823872127577,12,2,2,21,0.045967795285076,0.045967795285076,-3.0798142301776,1,24
0.6,50,-26.81411816258,nan,nan,nan,25.110566767502,0.039823872127577,12,2,2,22,0.044625902975707,0.044625902975707,-3.1094408043373,1,24
0.6,50,-26.81411816258,nan,nan,nan,25.110566767502,0.039823872127577,12,2,2,23,0.043331102959646,0.043331102959646,-3.1388845886813,1,24
0.6,50,-26.81411816258,nan,nan,nan,25.110566767502,0.039823872127577,12,2,2,24,0.04207584513284,0.04207584513284,-3.168281452765,1,24
0.65,50,-20.977896908022,nan,nan,nan,14.406568218761,0.06941278344816,12,2,2,1,0.10506926338467,0.10506926338467,-2.2531354950163,1,24
0.65,50,-20.977896908022,nan,nan,nan,14.406568218761,0.06941278344816,12,2,2,2,0.095374692415853,0.095374692415853,-2.3499420143803,1,24
0.65,50,-20.977896908022,nan,nan,nan,14.406568218761,0.06941278344816,12,2,2,3,0.085903307875902,0.085903307875902,-2.4545329422828,1,24
0.65,50,-20.977896908022,nan,nan,nan,14.406568218761,0.06941278344816,12,2,2,4,0.077567348567111,0.077567348567111,-2.5566087062275,1,24
0.65,50,-20.977896908022,nan,nan,nan,14.406568218761,0.06941278344816,12,2,2,5,0.07043813267589,0.07043813267589,-2.6530205051335,1,24
0.65,50,-20.977896908022,nan,nan,nan,14.406568218761,0.06941278344816,12,2,2,6,0.06435358528193,0.06435358528193,-2.7433626311551,1,24
0.65,50,-20.977896908022,nan,nan,nan,14.406568218761,0.06941278344816,12,2,2,7,0.05912148194944,0.05912148194944,-2.8281609358526,1,24
0.65,50,-20.977896908022,nan,nan,nan,14.406568218761,0.06941278344816,12,2,2,8,0.054575694203859,0.054575694203859,-2.9081666564464,1,24
0.65,50,-20.977896908022,nan,nan,nan,14.406568218761,0.06941278344816,12,2,2,9,0.050584837183691,0.050584837183691,-2.9841034079972,1,24
0.65,50,-20.977896908022,nan,nan,nan,14.406568218761,0.06941278344816,12,2,2,10,0.047047427303595,0.047047427303595,-3.0565990944969,1,24
0.65,50,-20.977896908022,nan,nan,nan,14.406568218761,0.06941278344816,12,2,2,11,0.043885485742371,0.043885485742371,-3.1261716344709,1,24
0.65,50,-20.977896908022,nan,nan,nan,14.406568218761,0.06941278344816,12,2,2,12,0.041038187582274,0.041038187582274,-3.1932522413201,1,24
0.65,50,-20.977896908022,nan,nan,nan,14.406568218761,0.06941278344816,12,2,2,13,0.038457945775227,0.038457945775227,-3.2581899522286,1,24
0.65,50,-20.977896908022,nan,nan,nan,14.406568218761,0.06941278344816,12,2,2,14,0.036106600737594,0.036106600737594,-3.3212795844408,1,24
0.65,50,-20.977896908022,nan,nan,nan,14.406568218761,0.06941278344816,12,2,2,15,0.033953387118426,0.033953387118426,-3.3827666621063,1,24
0.65,50,-20.977896908022,nan,nan,nan,14.406568218761,0.06941278344816,12,2,2,16,0.031973056060204,0.031973056060204,-3.4428617289805,1,24
0.65,50,-20.977896908022,nan,nan,nan,14.406568218761,0.06941278344816,12,2,2,17,0.030144751727971,0.030144751727971,-3.501744443002,1,24
0.65,50,-20.977896908022,nan,nan,nan,14.406568218761,0.06941278344816,12,2,2,18,0.028450664859245,0.028450664859245,-3.5595837492893,1,24
0.65,50,-20.977896908022,nan,nan,nan,14.406568218761,0.06941278344816,12,2,2,19,0.026875924859932,0.026875924859932,-3.6165243797336,1,24
0.65,50,-20.977896908022,nan,nan,nan,14.406568218761,0.06941278344816,12,2,2,20,0.025407598161788,0.025407598161788,-3.6727070094633,1,24
0.65,50,-20.977896908022,nan,nan,nan,14.406568218761,0.06941278344816,12,2,2,21,0.024034454748153,0.024034454748153,-3.7282668636371,1,24
0.65,50,-20.977896908022,nan,nan,nan,14.406568218761,0.06941278344816,12,2,2,22,0.022746653295545,0.022746653295545,-3.7833372522948,1,24
0.65,50,-20.977896908022,nan,nan,nan,14.406568218761,0.06941278344816,12,2,2,23,0.021535441583738,0.021535441583738,-3.8380552552887,1,24
0.65,50,-20.977896908022,nan,nan,nan,14.406568218761,0.06941278344816,12,2,2,24,0.020392956985354,0.020392956985354,-3.892565683559,1,24
0.7,50,-16.332160299018,nan,nan,nan,7.6237168995542,0.13116961361176,12,2,2,1,0.10057671615606,0.10057671615606,-2.2968344978461,1,24
0.7,50,-16.332160299018,nan,nan,nan,7.6237168995542,0.13116961361176,12,2,2,2,0.084902735701401,0.084902735701401,-2.4662489635526,1,24
0.7,50,-16.332160299018,nan,nan,nan,7.6237168995542,0.13116961361176,12,2,2,3,0.070987913571962,0.070987913571962,-2.6452456478126,1,24
0.7,50,-16.332160299018,nan,nan,nan,7.6237168995542,0.13116961361176,12,2,2,4,0.059656083453843,0.059656083453843,-2.8191591498238,1,24
0.7,50,-16.332160299018,nan,nan,nan,7.6237168995542,0.13116961361176,12,2,2,5,0.050561831058742,0.050561831058742,-2.9845583142387,1,24
0.7,50,-16.332160299018,nan,nan,nan,7.6237168995542,0.13116961361176,12,2,2,6,0.043212773925636,0.043212773925636,-3.1416191347175,1,24
0.7,50,-16.332160299018,nan,nan,nan,7.6237168995542,0.13116961361176,12,2,2,7,0.037199444631811,0.037199444631811,-3.2914614470669,1,24
0.7,50,-16.332160299018,nan,nan,nan,7.6237168995542,0.13116961361176,12,2,2,8,0.032216506240589,0.032216506240589,-3.4352763416072,1,24
0.7,50,-16.332160299018,nan,nan,nan,7.6237168995542,0.13116961361176,12,2,2,9,0.028040973763525,0.028040973763525,-3.5740884897609,1,24
0.7,50,-16.332160299018,nan,nan,nan,7.6237168995542,0.13116961361176,12,2,2,10,0.024508716794271,0.024508716794271,-3.7087264371876,1,24
0.7,50,-16.332160299018,nan,nan,nan,7.6237168995542,0.13116961361176,12,2,2,11,0.021496841587623,0.021496841587623,-3.839849257541,1,24
0.7,50,-16.332160299018,nan,nan,nan,7.6237168995542,0.13116961361176,12,2,2,12,0.018911580698163,0.018911580698163,-3.9679808092096,1,24
0.7,50,-16.332160299018,nan,nan,nan,7.6237168995542,0.13116961361176,12,2,2,13,0.01668007914928,0.01668007914928,-4.0935401369021,1,24
0.7,50,-16.332160299018,nan,nan,nan,7.6237168995542,0.13116961361176,12,2,2,14,0.01474478316466,0.01474478316466,-4.216865942509,1,24
0.7,50,-16.332160299018,nan,nan,nan,7.6237168995542,0.13116961361176,12,2,2,15,0.013059551155969,0.013059551155969,-4.3382355235676,1,24
0.7,50,-16.332160299018,nan,nan,nan,7.6237168995542,0.13116961361176,12,2,2,16,0.011586908942579,0.011586908942579,-4.4578793575828,1,24
0.7,50,-16.332160299018,nan,nan,nan,7.6237168995542,0.13116961361176,12,2,2,17,0.010296076665019,0.010296076665019,-4.5759923626186,1,24
0.7,50,-16.332160299018,nan,nan,nan,7.6237168995542,0.13116961361176,12,2,2,18,0.0091615247232663,0.0091615247232663,-4.6927426596431,1,24
0.7,50,-16.332160299018,nan,nan,nan,7.6237168995542,0.13116961361176,12,2,2,19,0.0081618982320402,0.0081618982320402,-4.8082785105839,1,24
0.7,50,-16.332160299018,nan,nan,nan,7.6237168995542,0.13116961361176,12,2,2,20,0.0072792023434139,0.0072792023434139,-4.922733990989,1,24
0.7,50,-16.332160299018,nan,nan,nan,7.6237168995542,0.13116961361176,12,2,2,21,0.0064981752667068,0.0064981752667068,-5.036233869691,1,24
0.7,50,-16.332160299018,nan,nan,nan,7.6237168995542,0.13116961361176,12,2,2,22,0.0058057989367507,0.0058057989367507,-5.1488980442324,1,24
0.7,50,-16.332160299018,nan,nan,nan,7.6237168995542,0.13116961361176,12,2,2,23,0.0051909109037554,0.0051909109037554,-5.2608460858838,1,24
0.7,50,-16.332160299018,nan,nan,nan,7.6237168995542,0.13116961361176,12,2,2,24,0.004643890561135,0.004643890561135,-5.3722027810712,1,24
0.75,50,-12.664664835035,nan,nan,nan,4.4062311600597,0.22695132499277,12,2,2,1,0.09433633104742,0.09433633104742,-2.3608888926241,1,24
0.75,50,-12.664664835035,nan,nan,nan,4.4062311600597,0.22695132499277,12,2,2,2,0.07165489450927,0.07165489450927,-2.6358938156765,1,24
0.75,50,-12.664664835035,nan,nan,nan,4.4062311600597,0.22695132499277,12,2,2,3,0.053834878611238,0.053834878611238,-2.9218337205468,1,24
0.75,50,-12.664664835035,nan,nan,nan,4.4062311600597,0.22695132499277,12,2,2,4,0.040773815828743,0.040773815828743,-3.1997151724972,1,24
0.75,50,-12.664664835035,nan,nan,nan,4.4062311600597,0.22695132499277,12,2,2,5,0.031233227059774,0.031233227059774,-3.4662727809803,1,24
0.75,50,-12.664664835035,nan,nan,nan,4.4062311600597,0.22695132499277,12,2,2,6,0.024174002061039,0.024174002061039,-3.7224775182864,1,24
0.75,50,-12.664664835035,nan,nan,nan,4.4062311600597,0.22695132499277,12,2,2,7,0.018871704175804,0.018871704175804,-3.9700916122961,1,24
0.75,50,-12.664664835035,nan,nan,nan,4.4062311600597,0.22695132499277,12,2,2,8,0.014835637696832,0.014835637696832,-4.2107230401954,1,24
0.75,50,-12.664664835035,nan,nan,nan,4.4062311600597,0.22695132499277,12,2,2,9,0.011729324042344,0.011729324042344,-4.4456632443758,1,24
0.75,50,-12.664664835035,nan,nan,nan,4.4062311600597,0.22695132499277,12,2,2,10,0.0093170107581393,0.0093170107581393,-4.675913435836,1,24
0.75,50,-12.664664835035,nan,nan,nan,4.4062311600597,0.22695132499277,12,2,2,11,0.0074298869287042,0.0074298869287042,-4.9022446385777,1,24
0.75,50,-12.664664835035,nan,nan,nan,4.4062311600597,0.22695132499277,12,2,2,12,0.005944697532284,0.005944697532284,-5.1252556277983,1,24
0.75,50,-12.664664835035,nan,nan,nan,4.4062311600597,0.22695132499277,12,2,2,13,0.0047699473999116,0.0047699473999116,-5.3454200014149,1,24
0.75,50,-12.664664835035,nan,nan,nan,4.4062311600597,0.22695132499277,12,2,2,14,0.0038367823010667,0.0038367823010667,-5.5631212060831,1,24
0.75,50,-12.664664835035,nan,nan,nan,4.4062311600597,0.22695132499277,12,2,2,15,0.0030928038842397,0.0030928038842397,-5.7786771936135,1,24
0.75,50,-12.664664835035,nan,nan,nan,4.4062311600597,0.22695132499277,12,2,2,16,0.0024977693150726,0.0024977693150726,-5.9923572193923,1,24
0.75,50,-12.664664835035,nan,nan,nan,4.4062311600597,0.22695132499277,12,2,2,17,0.0020205346157142,0.0020205346157142,-6.204393141341,1,24
0.75,50,-12.664664835035,nan,nan,nan,4.4062311600597,0.22695132499277,12,2,2,18,0.0016368410683185,0.0016368410683185,-6.4149870724668,1,24
0.75,50,-12.664664835035,nan,nan,nan,4.4062311600597,0.22695132499277,12,2,2,19,0.0013276873130052,0.0013276873130052,-6.6243167127267,1,24
0.75,50,-12.664664835035,nan,nan,nan,4.4062311600597,0.22695132499277,12,2,2,20,0.0010781170182184,0.0010781170182184,-6.8325392611636,1,24
0.75,50,-12.664664835035,nan,nan,nan,4.4062311600597,0.22695132499277,12,2,2,21,0.00087630661610602,0.00087630661610602,-7.0397945098842,1,24
0.75,50,-12.664664835035,nan,nan,nan,4.4062311600597,0.22695132499277,12,2,2,22,0.00071287281580154,0.00071287281580154,-7.2462075324214,1,24
0.75,50,-12.664664835035,nan,nan,nan,4.4062311600597,0.22695132499277,12,2,2,23,0.00058034298245614,0.00058034298245614,-7.4518912801395,1,24
0.75,50,-12.664664835035,nan,nan,nan,4.4062311600597,0.22695132499277,12,2,2,24,0.00047274738659947,0.00047274738659947,-7.6569493785225,1,24
0.8,50,-9.7988334468902,nan,nan,nan,2.8669562155256,0.34880197841343,12,2,2,1,0.086962287825671,0.086962287825671,-2.4422807275724,1,24
0.8,50,-9.7988334468902,nan,nan,nan,2.8669562155256,0.34880197841343,12,2,2,2,0.05794151362689,0.05794151362689,-2.8483211629419,1,24
0.8,50,-9.7988334468902,nan,nan,nan,2.8669562155256,0.34880197841343,12,2,2,3,0.038208075724652,0.038208075724652,-3.2647083793083,1,24
0.8,50,-9.7988334468902,nan,nan,nan,2.8669562155256,0.34880197841343,12,2,2,4,0.025486899135349,0.025486899135349,-3.6695907182354,1,24
0.8,50,-9.7988334468902,nan,nan,nan,2.8669562155256,0.34880197841343,12,2,2,5,0.017240408061558,0.017240408061558,-4.0604993445628,1,24
0.8,50,-9.7988334468902,nan,nan,nan,2.8669562155256,0.34880197841343,12,2,2,6,0.011802891251944,0.011802891251944,-4.4394107561722,1,24
0.8,50,-9.7988334468902,nan,nan,nan,2.8669562155256,0.34880197841343,12,2,2,7,0.0081586092619578,0.0081586092619578,-4.8086815581152,1,24
0.8,50,-9.7988334468902,nan,nan,nan,2.8669562155256,0.34880197841343,12,2,2,8,0.0056831233328673,0.0056831233328673,-5.170254314832,1,24
0.8,50,-9.7988334468902,nan,nan,nan,2.8669562155256,0.34880197841343,12,2,2,9,0.0039833139591433,0.0039833139591433,-5.5256411530979,1,24
0.8,50,-9.7988334468902,nan,nan,nan,2.8669562155256,0.34880197841343,12,2,2,10,0.0028059283279141,0.0028059283279141,-5.8760208400678,1,24
0.8,50,-9.7988334468902,nan,nan,nan,2.8669562155256,0.34880197841343,12,2,2,11,0.0019846229518471,0.0019846229518471,-6.2223263315772,1,24
0.8,50,-9.7988334468902,nan,nan,nan,2.8669562155256,0.34880197841343,12,2,2,12,0.0014083901452224,0.0014083901452224,-6.5653079678519,1,24
0.8,50,-9.7988334468902,nan,nan,nan,2.8669562155256,0.34880197841343,12,2,2,13,0.001002181194106,0.001002181194106,-6.9055764602265,1,24
0.8,50,-9.7988334468902,nan,nan,nan,2.8669562155256,0.34880197841343,12,2,2,14,0.00071471104535396,0.00071471104535396,-7.2436322293258,1,24
0.8,50,-9.7988334468902,nan,nan,nan,2.8669562155256,0.34880197841343,12,2,2,15,0.00051061926563965,0.00051061926563965,-7.5798863224945,1,24
0.8,50,-9.7988334468902,nan,nan,nan,2.8669562155256,0.34880197841343,12,2,2,16,0.00036534215049387,0.00036534215049387,-7.9146762448521,1,24
0.8,50,-9.7988334468902,nan,nan,nan,2.8669562155256,0.34880197841343,12,2,2,17,0.0002617086795665,0.0002617086795665,-8.2482785828853,1,24
0.8,50,-9.7988334468902,nan,nan,nan,2.8669562155256,0.34880197841343,12,2,2,18,0.00018765236773228,0.00018765236773228,-8.5809194146516,1,24
0.8,50,-9.7988334468902,nan,nan,nan,2.8669562155256,0.34880197841343,12,2,2,19,0.00013465655819473,0.00013465655819473,-8.912783034399,1,24
0.8,50,-9.7988334468902,nan,nan,nan,2.8669562155256,0.34880197841343,12,2,2,20,9.6688189534065e-05,9.6688189534065e-05,-9.2440192980824,1,24
0.8,50,-9.7988334468902,nan,nan,nan,2.8669562155256,0.34880197841343,12,2,2,21,6.9460674524758e-05,6.9460674524758e-05,-9.5747497997142,1,24
0.8,50,-9.7988334468902,nan,nan,nan,2.8669562155256,0.34880197841343,12,2,2,22,4.9920787966675e-05,4.9920787966675e-05,-9.9050730494388,1,24
0.8,50,-9.7988334468902,nan,nan,nan,2.8669562155256,0.34880197841343,12,2,2,23,3.5889391386203e-05,3.5889391386203e-05,-10.235068810703,1,24
0.8,50,-9.7988334468902,nan,nan,nan,2.8669562155256,0.34880197841343,12,2,2,24,2.580862666071e-05,2.580862666071e-05,-10.564801755231,1,24
0.85,50,-7.5767992543896,nan,nan,nan,2.0456342467993,0.48884594182202,12,2,2,1,0.079058862065903,0.079058862065903,-2.5375626145146,1,24
0.85,50,-7.5767992543896,nan,nan,nan,2.0456342467993,0.48884594182202,12,2,2,2,0.045395352839756,0.045395352839756,-3.0923455395318,1,24
0.85,50,-7.5767992543896,nan,nan,nan,2.0456342467993,0.48884594182202,12,2,2,3,0.025875511108235,0.025875511108235,-3.6544582746164,1,24
0.85,50,-7.5767992543896,nan,nan,nan,2.0456342467993,0.48884594182202,12,2,2,4,0.014975771589392,0.014975771589392,-4.2013216111399,1,24
0.85,50,-7.5767992543896,nan,nan,nan,2.0456342467993,0.48884594182202,12,2,2,5,0.0088097370858733,0.0088097370858733,-4.7318976821725,1,24
0.85,50,-7.5767992543896,nan,nan,nan,2.0456342467993,0.48884594182202,12,2,2,6,0.0052520741996818,0.0052520741996818,-5.2491321947507,1,24
0.85,50,-7.5767992543896,nan,nan,nan,2.0456342467993,0.48884594182202,12,2,2,7,0.0031639410526925,0.0031639410526925,-5.7559368598785,1,24
0.85,50,-7.5767992543896,nan,nan,nan,2.0456342467993,0.48884594182202,12,2,2,8,0.0019215729094688,0.0019215729094688,-6.2546112046414,1,24
0.85,50,-7.5767992543896,nan,nan,nan,2.0456342467993,0.48884594182202,12,2,2,9,0.001174385157528,0.001174385157528,-6.7470105385286,1,24
0.85,50,-7.5767992543896,nan,nan,nan,2.0456342467993,0.48884594182202,12,2,2,10,0.00072119169238318,0.00072119169238318,-7.2346055858596,1,24
0.85,50,-7.5767992543896,nan,nan,nan,2.0456342467993,0.48884594182202,12,2,2,11,0.00044450131572388,0.00044450131572388,-7.718557543006,1,24
0.85,50,-7.5767992543896,nan,nan,nan,2.0456342467993,0.48884594182202,12,2,2,12,0.00027471639421045,0.00027471639421045,-8.1997712862272,1,24
0.85,50,-7.5767992543896,nan,nan,nan,2.0456342467993,0.48884594182202,12,2,2,13,0.00017013195381569,0.00017013195381569,-8.6789362230848,1,24
0.85,50,-7.5767992543896,nan,nan,nan,2.0456342467993,0.48884594182202,12,2,2,14,0.00010552319908116,0.00010552319908116,-9.156579732718,1,24
0.85,50,-7.5767992543896,nan,nan,nan,2.0456342467993,0.48884594182202,12,2,2,15,6.5523619582057e-05,6.5523619582057e-05,-9.633099876019,1,24
0.85,50,-7.5767992543896,nan,nan,nan,2.0456342467993,0.48884594182202,12,2,2,16,4.071988861893e-05,4.071988861893e-05,-10.108793921017,1,24
0.85,50,-7.5767992543896,nan,nan,nan,2.0456342467993,0.48884594182202,12,2,2,17,2.5320859050927e-05,2.5320859050927e-05,-10.583882033502,1,24
0.85,50,-7.5767992543896,nan,nan,nan,2.0456342467993,0.48884594182202,12,2,2,18,1.5752182930377e-05,1.5752182930377e-05,-11.058531603542,1,24
0.85,50,-7.5767992543896,nan,nan,nan,2.0456342467993,0.48884594182202,12,2,2,19,9.8029312032092e-06,9.8029312032092e-06,-11.532829114642,1,24
0.85,50,-7.5767992543896,nan,nan,nan,2.0456342467993,0.48884594182202,12,2,2,20,6.1016678865872e-06,6.1016678865872e-06,-12.006948400128,1,24
0.85,50,-7.5767992543896,nan,nan,nan,2.0456342467993,0.48884594182202,12,2,2,21,3.7982952328273e-06,3.7982952328273e-06,-12.480958214834,1,24
0.85,50,-7.5767992543896,nan,nan,nan,2.0456342467993,0.48884594182202,12,2,2,22,2.3646566759816e-06,2.3646566759816e-06,-12.954877715276,1,24
0.85,50,-7.5767992543896,nan,nan,nan,2.0456342467993,0.48884594182202,12,2,2,23,1.4721877604155e-06,1.4721877604155e-06,-13.428760991162,1,24
0.85,50,-7.5767992543896,nan,nan,nan,2.0456342467993,0.48884594182202,12,2,2,24,9.1662287899197e-07,9.1662287899197e-07,-13.902569704467,1,24
0.9,50,-5.8630689741628,nan,nan,nan,1.5704774927257,0.63674901718229,12,2,2,1,0.071074012646683,0.071074012646683,-2.644033513252,1,24
0.9,50,-5.8630689741628,nan,nan,nan,1.5704774927257,0.63674901718229,12,2,2,2,0.034761842141997,0.034761842141997,-3.3592349839593,1,24
0.9,50,-5.8630689741628,nan,nan,nan,1.5704774927257,0.63674901718229,12,2,2,3,0.016967535094331,0.016967535094331,-4.0764534610619,1,24
0.9,50,-5.8630689741628,nan,nan,nan,1.5704774927257,0.63674901718229,12,2,2,4,0.0084415452896396,0.0084415452896396,-4.7745898959439,1,24
0.9,50,-5.8630689741628,nan,nan,nan,1.5704774927257,0.63674901718229,12,2,2,5,0.0042774557431047,0.0042774557431047,-5.454396898691,1,24
0.9,50,-5.8630689741628,nan,nan,nan,1.5704774927257,0.63674901718229,12,2,2,6,0.0021987894941743,0.0021987894941743,-6.1198482999707,1,24
0.9,50,-5.8630689741628,nan,nan,nan,1.5704774927257,0.63674901718229,12,2,2,7,0.0011427596019209,0.0011427596019209,-6.7743092383192,1,24
0.9,50,-5.8630689741628,nan,nan,nan,1.5704774927257,0.63674901718229,12,2,2,8,0.0005989421017921,0.0005989421017921,-7.4203456226305,1,24
0.9,50,-5.8630689741628,nan,nan,nan,1.5704774927257,0.63674901718229,12,2,2,9,0.00031593888848947,0.00031593888848947,-8.0599617539359,1,24
0.9,50,-5.8630689741628,nan,nan,nan,1.5704774927257,0.63674901718229,12,2,2,10,0.00016746533235588,0.00016746533235588,-8.6947341991303,1,24
0.9,50,-5.8630689741628,nan,nan,nan,1.5704774927257,0.63674901718229,12,2,2,11,8.9087811398413e-05,8.9087811398413e-05,-9.3258880297203,1,24
0.9,50,-5.8630689741628,nan,nan,nan,1.5704774927257,0.63674901718229,12,2,2,12,4.7520008694028e-05,4.7520008694028e-05,-9.9543596999548,1,24
0.9,50,-5.8630689741628,nan,nan,nan,1.5704774927257,0.63674901718229,12,2,2,13,2.5397622072675e-05,2.5397622072675e-05,-10.580855007508,1,24
0.9,50,-5.8630689741628,nan,nan,nan,1.5704774927257,0.63674901718229,12,2,2,14,1.3593752298521e-05,1.3593752298521e-05,-11.205900260589,1,24
0.9,50,-5.8630689741628,nan,nan,nan,1.5704774927257,0.63674901718229,12,2,2,15,7.2836029734971e-06,7.2836029734971e-06,-11.829884904243,1,24
0.9,50,-5.8630689741628,nan,nan,nan,1.5704774927257,0.63674901718229,12,2,2,16,3.9056141159353e-06,3.9056141159353e-06,-12.453095523033,1,24
0.9,50,-5.8630689741628,nan,nan,nan,1.5704774927257,0.63674901718229,12,2,2,17,2.0954501123877e-06,2.0954501123877e-06,-13.075742176886,1,24
0.9,50,-5.8630689741628,nan,nan,nan,1.5704774927257,0.63674901718229,12,2,2,18,1.1247177992113e-06,1.1247177992113e-06,-13.69797839892,1,24
0.9,50,-5.8630689741628,nan,nan,nan,1.5704774927257,0.63674901718229,12,2,2,19,6.0386439377954e-07,6.0386439377954e-07,-14.319916177829,1,24
0.9,50,-5.8630689741628,nan,nan,nan,1.5704774927257,0.63674901718229,12,2,2,20,3.2428694544828e-07,3.2428694544828e-07,-14.941637078997,1,24
0.9,50,-5.8630689741628,nan,nan,nan,1.5704774927257,0.63674901718229,12,2,2,21,1.7417584473829e-07,1.7417584473829e-07,-15.563200446102,1,24
0.9,50,-5.8630689741628,nan,nan,nan,1.5704774927257,0.63674901718229,12,2,2,22,9.3561260579838e-08,9.3561260579838e-08,-16.18464942183,1,24
0.9,50,-5.8630689741628,nan,nan,nan,1.5704774927257,0.63674901718229,12,2,2,23,5.0262058267075e-08,5.0262058267075e-08,-16.80601535328,1,24
0.9,50,-5.8630689741628,nan,nan,nan,1.5704774927257,0.63674901718229,12,2,2,24,2.700291516151e-08,2.700291516151e-08,-17.427321007825,1,24
0.95,50,-4.5459125776869,nan,nan,nan,1.2500956374589,0.79993879670899,12,2,2,1,0.063324539035072,0.063324539035072,-2.7594823624723,1,24
0.95,50,-4.5459125776869,nan,nan,nan,1.2500956374589,0.79993879670899,12,2,2,2,0.026198863965486,0.026198863965486,-3.6420392292511,1,24
0.95,50,-4.5459125776869,nan,nan,nan,1.2500956374589,0.79993879670899,12,2,2,3,0.010894323501258,0.010894323501258,-4.519513405101,1,24
0.95,50,-4.5459125776869,nan,nan,nan,1.2500956374589,0.79993879670899,12,2,2,4,0.0046349892912152,0.0046349892912152,-5.3741213903844,1,24
0.95,50,-4.5459125776869,nan,nan,nan,1.2500956374589,0.79993879670899,12,2,2,5,0.0020116721762531,0.0020116721762531,-6.2087889742877,1,24
0.95,50,-4.5459125776869,nan,nan,nan,1.2500956374589,0.79993879670899,12,2,2,6,0.00088633393256645,0.00088633393256645,-7.0284167793086,1,24
0.95,50,-4.5459125776869,nan,nan,nan,1.2500956374589,0.79993879670899,12,2,2,7,0.00039460772765025,0.00039460772765025,-7.8376183810646,1,24
0.95,50,-4.5459125776869,nan,nan,nan,1.2500956374589,0.79993879670899,12,2,2,8,0.00017690239256899,0.00017690239256899,-8.6399124319098,1,24
0.95,50,-4.5459125776869,nan,nan,nan,1.2500956374589,0.79993879670899,12,2,2,9,7.9660716358649e-05,7.9660716358649e-05,-9.4377339875491,1,24
0.95,50,-4.5459125776869,nan,nan,nan,1.2500956374589,0.79993879670899,12,2,2,10,3.5974713015321e-05,3.5974713015321e-05,-10.232694282559,1,24
0.95,50,-4.5459125776869,nan,nan,nan,1.2500956374589,0.79993879670899,12,2,2,11,1.6275716106104e-05,1.6275716106104e-05,-11.025836370463,1,24
0.95,50,-4.5459125776869,nan,nan,nan,1.2500956374589,0.79993879670899,12,2,2,12,7.3719546076844e-06,7.3719546076844e-06,-11.817827675571,1,24
0.95,50,-4.5459125776869,nan,nan,nan,1.2500956374589,0.79993879670899,12,2,2,13,3.3414944340491e-06,3.3414944340491e-06,-12.609092415701,1,24
0.95,50,-4.5459125776869,nan,nan,nan,1.2500956374589,0.79993879670899,12,2,2,14,1.515296946942e-06,1.515296946942e-06,-13.399899133627,1,24
0.95,50,-4.5459125776869,nan,nan,nan,1.2500956374589,0.79993879670899,12,2,2,15,6.8735331035491e-07,6.8735331035491e-07,-14.190417396928,1,24
0.95,50,-4.5459125776869,nan,nan,nan,1.2500956374589,0.79993879670899,12,2,2,16,3.118467027175e-07,3.118467027175e-07,-14.980754107327,1,24
0.95,50,-4.5459125776869,nan,nan,nan,1.2500956374589,0.79993879670899,12,2,2,17,1.4149851811782e-07,1.4149851811782e-07,-15.770976592584,1,24
0.95,50,-4.5459125776869,nan,nan,nan,1.2500956374589,0.79993879670899,12,2,2,18,6.4208693043051e-08,6.4208693043051e-08,-16.561127229762,1,24
0.95,50,-4.5459125776869,nan,nan,nan,1.2500956374589,0.79993879670899,12,2,2,19,2.9137708376713e-08,2.9137708376713e-08,-17.351232681114,1,24
0.95,50,-4.5459125776869,nan,nan,nan,1.2500956374589,0.79993879670899,12,2,2,20,1.3222978604098e-08,1.3222978604098e-08,-18.141309717455,1,24
0.95,50,-4.5459125776869,nan,nan,nan,1.2500956374589,0.79993879670899,12,2,2,21,6.0008249460174e-09,6.0008249460174e-09,-18.931368886166,1,24
0.95,50,-4.5459125776869,nan,nan,nan,1.2500956374589,0.79993879670899,12,2,2,22,2.7233126273888e-09,2.7233126273888e-09,-19.721416819934,1,24
0.95,50,-4.5459125776869,nan,nan,nan,1.2500956374589,0.79993879670899,12,2,2,23,1.2359107496993e-09,1.2359107496993e-09,-20.511457689499,1,24
0.95,50,-4.5459125776869,nan,nan,nan,1.2500956374589,0.79993879670899,12,2,2,24,5.6089122873739e-10,5.6089122873739e-10,-21.301494117373,1,24
1,50,-3.5354739476851,nan,nan,nan,1.0396726021415,0.96184125458359,12,2,2,1,0.056026384126655,0.056026384126655,-2.8819325540822,1,24
1,50,-3.5354739476851,nan,nan,nan,1.0396726021415,0.96184125458359,12,2,2,2,0.019544426782135,0.019544426782135,-3.935065108275,1,24
1,50,-3.5354739476851,nan,nan,nan,1.0396726021415,0.96184125458359,12,2,2,3,0.0069092637470518,0.0069092637470518,-4.9748921957864,1,24
1,50,-3.5354739476851,nan,nan,nan,1.0396726021415,0.96184125458359,12,2,2,4,0.0025077708004495,0.0025077708004495,-5.9883610477681,1,24
1,50,-3.5354739476851,nan,nan,nan,1.0396726021415,0.96184125458359,12,2,2,5,0.0009295257123084,0.0009295257123084,-6.9808360886696,1,24
1,50,-3.5354739476851,nan,nan,nan,1.0396726021415,0.96184125458359,12,2,2,6,0.00034961296581246,0.00034961296581246,-7.9586838273064,1,24
1,50,-3.5354739476851,nan,nan,nan,1.0396726021415,0.96184125458359,12,2,2,7,0.00013275167320279,0.00013275167320279,-8.9270302937575,1,24
1,50,-3.5354739476851,nan,nan,nan,1.0396726021415,0.96184125458359,12,2,2,8,5.0707956233822e-05,5.0707956233822e-05,-9.8894277319902,1,24
1,50,-3.5354739476851,nan,nan,nan,1.0396726021415,0.96184125458359,12,2,2,9,1.9440178576156e-05,1.9440178576156e-05,-10.848168572958,1,24
1,50,-3.5354739476851,nan,nan,nan,1.0396726021415,0.96184125458359,12,2,2,10,7.4694952129807e-06,7.4694952129807e-06,-11.80468313634,1,24
1,50,-3.5354739476851,nan,nan,nan,1.0396726021415,0.96184125458359,12,2,2,11,2.8738751219626e-06,2.8738751219626e-06,-12.759849222204,1,24
1,50,-3.5354739476851,nan,nan,nan,1.0396726021415,0.96184125458359,12,2,2,12,1.1066192390782e-06,1.1066192390782e-06,-13.714200920877,1,24
1,50,-3.5354739476851,nan,nan,nan,1.0396726021415,0.96184125458359,12,2,2,13,4.2632595166438e-07,4.2632595166438e-07,-14.668061638499,1,24
1,50,-3.5354739476851,nan,nan,nan,1.0396726021415,0.96184125458359,12,2,2,14,1.6429098881148e-07,1.6429098881148e-07,-15.621626659351,1,24
1,50,-3.5354739476851,nan,nan,nan,1.0396726021415,0.96184125458359,12,2,2,15,6.3323222786575e-08,6.3323222786575e-08,-16.57501370641,1,24
1,50,-3.5354739476851,nan,nan,nan,1.0396726021415,0.96184125458359,12,2,2,16,2.4409494164656e-08,2.4409494164656e-08,-17.52829367522,1,24
1,50,-3.5354739476851,nan,nan,nan,1.0396726021415,0.96184125458359,12,2,2,17,9.4098461332081e-09,9.4098461332081e-09,-18.481509234895,1,24
1,50,-3.5354739476851,nan,nan,nan,1.0396726021415,0.96184125458359,12,2,2,18,3.6276308619615e-09,3.6276308619615e-09,-19.434686056849,1,24
1,50,-3.5354739476851,nan,nan,nan,1.0396726021415,0.96184125458359,12,2,2,19,1.3985363903277e-09,1.3985363903277e-09,-20.387839582654,1,24
1,50,-3.5354739476851,nan,nan,nan,1.0396726021415,0.96184125458359,12,2,2,20,5.3917598296793e-10,5.3917598296793e-10,-21.340979099296,1,24
1,50,-3.5354739476851,nan,nan,nan,1.0396726021415,0.96184125458359,12,2,2,21,2.0786959255954e-10,2.0786959255954e-10,-22.294110191696,1,24
1,50,-3.5354739476851,nan,nan,nan,1.0396726021415,0.96184125458359,12,2,2,22,8.0140784755016e-11,8.0140784755016e-11,-23.247236218467,1,24
1,50,-3.5354739476851,nan,nan,nan,1.0396726021415,0.96184125458359,12,2,2,23,3.0897087283236e-11,3.0897087283236e-11,-24.200359199146,1,24
1,50,-3.5354739476851,nan,nan,nan,1.0396726021415,0.96184125458359,12,2,2,24,1.1911934156216e-11,1.1911934156216e-11,-25.153480348079,1,24
1.05,50,-2.7606714559147,nan,nan,nan,0.89091050920204,1.1224471926992,12,2,2,1,0.049314026150164,0.049314026150164,-3.0095467323092,1,24
1.05,50,-2.7606714559147,nan,nan,nan,0.89091050920204,1.1224471926992,12,2,2,2,0.014499324287844,0.014499324287844,-4.2336532314798,1,24
1.05,50,-2.7606714559147,nan,nan,nan,0.89091050920204,1.1224471926992,12,2,2,3,0.0043578372866632,0.0043578372866632,-5.4357793798563,1,24
1.05,50,-2.7606714559147,nan,nan,nan,0.89091050920204,1.1224471926992,12,2,2,4,0.0013491379474472,0.0013491379474472,-6.608289447943,1,24
1.05,50,-2.7606714559147,nan,nan,nan,0.89091050920204,1.1224471926992,12,2,2,5,0.000426879809073,0.000426879809073,-7.7590080619387,1,24
1.05,50,-2.7606714559147,nan,nan,nan,0.89091050920204,1.1224471926992,12,2,2,6,0.00013702523318385,0.00013702523318385,-8.8953454652722,1,24
1.05,50,-2.7606714559147,nan,nan,nan,0.89091050920204,1.1224471926992,12,2,2,7,4.4379345621839e-05,4.4379345621839e-05,-10.022736385457,1,24
1.05,50,-2.7606714559147,nan,nan,nan,0.89091050920204,1.1224471926992,12,2,2,8,1.4451240528249e-05,1.4451240528249e-05,-11.144730297385,1,24
1.05,50,-2.7606714559147,nan,nan,nan,0.89091050920204,1.1224471926992,12,2,2,9,4.7208661458485e-06,4.7208661458485e-06,-12.263518269726,1,24
1.05,50,-2.7606714559147,nan,nan,nan,0.89091050920204,1.1224471926992,12,2,2,10,1.5451077737567e-06,1.5451077737567e-06,-13.380416893571,1,24
1.05,50,-2.7606714559147,nan,nan,nan,0.89091050920204,1.1224471926992,12,2,2,11,5.062643697849e-07,5.062643697849e-07,-14.496206834168,1,24
1.05,50,-2.7606714559147,nan,nan,nan,0.89091050920204,1.1224471926992,12,2,2,12,1.6598842833301e-07,1.6598842833301e-07,-15.611347759857,1,24
1.05,50,-2.7606714559147,nan,nan,nan,0.89091050920204,1.1224471926992,12,2,2,13,5.4443123497625e-08,5.4443123497625e-08,-16.726109285761,1,24
1.05,50,-2.7606714559147,nan,nan,nan,0.89091050920204,1.1224471926992,12,2,2,14,1.7860947651929e-08,1.7860947651929e-08,-17.840649202887,1,24
1.05,50,-2.7606714559147,nan,nan,nan,0.89091050920204,1.1224471926992,12,2,2,15,5.8603310665069e-09,5.8603310665069e-09,-18.955059738962,1,24
1.05,50,-2.7606714559147,nan,nan,nan,0.89091050920204,1.1224471926992,12,2,2,16,1.922970406067e-09,1.922970406067e-09,-20.069394759919,1,24
1.05,50,-2.7606714559147,nan,nan,nan,0.89091050920204,1.1224471926992,12,2,2,17,6.3101864054029e-10,6.3101864054029e-10,-21.183685712555,1,24
1.05,50,-2.7606714559147,nan,nan,nan,0.89091050920204,1.1224471926992,12,2,2,18,2.070727467834e-10,2.070727467834e-10,-22.297950950665,1,24
1.05,50,-2.7606714559147,nan,nan,nan,0.89091050920204,1.1224471926992,12,2,2,19,6.7953247443234e-11,6.7953247443234e-11,-23.412201184814,1,24
1.05,50,-2.7606714559147,nan,nan,nan,0.89091050920204,1.1224471926992,12,2,2,20,2.2299816533372e-11,2.2299816533372e-11,-24.526442664699,1,24
1.05,50,-2.7606714559147,nan,nan,nan,0.89091050920204,1.1224471926992,12,2,2,21,7.3180366811119e-12,7.3180366811119e-12,-25.640679036894,1,24
1.05,50,-2.7606714559147,nan,nan,nan,0.89091050920204,1.1224471926992,12,2,2,22,2.4015363704571e-12,2.4015363704571e-12,-26.754912429029,1,24
1.05,50,-2.7606714559147,nan,nan,nan,0.89091050920204,1.1224471926992,12,2,2,23,7.8810577449154e-13,7.8810577449154e-13,-27.869144082473,1,24
1.05,50,-2.7606714559147,nan,nan,nan,0.89091050920204,1.1224471926992,12,2,2,24,2.5863082878973e-13,2.5863082878973e-13,-28.983374721488,1,24
1.1,50,-2.1659885623488,nan,nan,nan,0.78199723993729,1.2787768919494,12,2,2,1,0.043255132923187,0.043255132923187,-3.1406393723413,1,24
1.1,50,-2.1659885623488,nan,nan,nan,0.78199723993729,1.2787768919494,12,2,2,2,0.010736797560999,0.010736797560999,-4.5340784130435,1,24
1.1,50,-2.1659885623488,nan,nan,nan,0.78199723993729,1.2787768919494,12,2,2,3,0.0027476914007825,0.0027476914007825,-5.8969942104978,1,24
1.1,50,-2.1659885623488,nan,nan,nan,0.78199723993729,1.2787768919494,12,2,2,4,0.00072638998426195,0.00072638998426195,-7.2274235189579,1,24
1.1,50,-2.1659885623488,nan,nan,nan,0.78199723993729,1.2787768919494,12,2,2,5,0.00019648323869441,0.00019648323869441,-8.5349334295582,1,24
1.1,50,-2.1659885623488,nan,nan,nan,0.78199723993729,1.2787768919494,12,2,2,6,5.3949276842704e-05,5.3949276842704e-05,-9.827466270563,1,24
1.1,50,-2.1659885623488,nan,nan,nan,0.78199723993729,1.2787768919494,12,2,2,7,1.4951853285203e-05,1.4951853285203e-05,-11.110675300245,1,24
1.1,50,-2.1659885623488,nan,nan,nan,0.78199723993729,1.2787768919494,12,2,2,8,4.1673285138848e-06,4.1673285138848e-06,-12.388235371606,1,24
1.1,50,-2.1659885623488,nan,nan,nan,0.78199723993729,1.2787768919494,12,2,2,9,1.1654280347318e-06,1.1654280347318e-06,-13.662422126639,1,24
1.1,50,-2.1659885623488,nan,nan,nan,0.78199723993729,1.2787768919494,12,2,2,10,3.2657367326476e-07,3.2657367326476e-07,-14.934610268156,1,24
1.1,50,-2.1659885623488,nan,nan,nan,0.78199723993729,1.2787768919494,12,2,2,11,9.1619701684778e-08,9.1619701684778e-08,-16.205619504499,1,24
1.1,50,-2.1659885623488,nan,nan,nan,0.78199723993729,1.2787768919494,12,2,2,12,2.5721589953007e-08,2.5721589953007e-08,-17.475935121719,1,24
1.1,50,-2.1659885623488,nan,nan,nan,0.78199723993729,1.2787768919494,12,2,2,13,7.2240994889572e-09,7.2240994889572e-09,-18.745843248923,1,24
1.1,50,-2.1659885623488,nan,nan,nan,0.78199723993729,1.2787768919494,12,2,2,14,2.0294273214695e-09,2.0294273214695e-09,-20.015512191343,1,24
1.1,50,-2.1659885623488,nan,nan,nan,0.78199723993729,1.2787768919494,12,2,2,15,5.7019608161164e-10,5.7019608161164e-10,-21.285040811428,1,24
1.1,50,-2.1659885623488,nan,nan,nan,0.78199723993729,1.2787768919494,12,2,2,16,1.6021777483307e-10,1.6021777483307e-10,-22.554487133435,1,24
1.1,50,-2.1659885623488,nan,nan,nan,0.78199723993729,1.2787768919494,12,2,2,17,4.5021309371393e-11,4.5021309371393e-11,-23.823885196657,1,24
1.1,50,-2.1659885623488,nan,nan,nan,0.78199723993729,1.2787768919494,12,2,2,18,1.2651378120767e-11,1.2651378120767e-11,-25.093254964336,1,24
1.1,50,-2.1659885623488,nan,nan,nan,0.78199723993729,1.2787768919494,12,2,2,19,3.5552058766605e-12,3.5552058766605e-12,-26.362608142491,1,24
1.1,50,-2.1659885623488,nan,nan,nan,0.78199723993729,1.2787768919494,12,2,2,20,9.9906995396574e-13,9.9906995396574e-13,-27.631951594724,1,24
1.1,50,-2.1659885623488,nan,nan,nan,0.78199723993729,1.2787768919494,12,2,2,21,2.807563046271e-13,2.807563046271e-13,-28.90128934517,1,24
1.1,50,-2.1659885623488,nan,nan,nan,0.78199723993729,1.2787768919494,12,2,2,22,7.88977446178e-14,7.88977446178e-14,-30.170623752793,1,24
1.1,50,-2.1659885623488,nan,nan,nan,0.78199723993729,1.2787768919494,12,2,2,23,2.2171777458213e-14,2.2171777458213e-14,-31.439956200468,1,24
1.1,50,-2.1659885623488,nan,nan,nan,0.78199723993729,1.2787768919494,12,2,2,24,6.2307013054383e-15,6.2307013054383e-15,-32.709287499356,1,24
1.15,50,-1.7085322904497,nan,nan,nan,0.69708031871343,1.4345549187871,12,2,2,1,0.037865139399675,0.037865139399675,-3.2737243949316,1,24
1.15,50,-1.7085322904497,nan,nan,nan,0.69708031871343,1.4345549187871,12,2,2,2,0.0079588508430535,0.0079588508430535,-4.8334706559983,1,24
1.15,50,-1.7085322904497,nan,nan,nan,0.69708031871343,1.4345549187871,12,2,2,3,0.0017389007830904,0.0017389007830904,-6.3545020992397,1,24
1.15,50,-1.7085322904497,nan,nan,nan,0.69708031871343,1.4345549187871,12,2,2,4,0.00039341877853887,0.00039341877853887,-7.8406359191911,1,24
1.15,50,-1.7085322904497,nan,nan,nan,0.69708031871343,1.4345549187871,12,2,2,5,9.1151644867823e-05,9.1151644867823e-05,-9.3029860112775,1,24
1.15,50,-1.7085322904497,nan,nan,nan,0.69708031871343,1.4345549187871,12,2,2,6,2.144707535142e-05,2.144707535142e-05,-10.74992226914,1,24
1.15,50,-1.7085322904497,nan,nan,nan,0.69708031871343,1.4345549187871,12,2,2,7,5.0949694351106e-06,5.0949694351106e-06,-12.187256890305,1,24
1.15,50,-1.7085322904497,nan,nan,nan,0.69708031871343,1.4345549187871,12,2,2,8,1.2174473468132e-06,1.2174473468132e-06,-13.618754229896,1,24
1.15,50,-1.7085322904497,nan,nan,nan,0.69708031871343,1.4345549187871,12,2,2,9,2.919300762226e-07,2.919300762226e-07,-15.046751528346,1,24
1.15,50,-1.7085322904497,nan,nan,nan,0.69708031871343,1.4345549187871,12,2,2,10,7.014743272367e-08,7.014743272367e-08,-16.472666628022,1,24
1.15,50,-1.7085322904497,nan,nan,nan,0.69708031871343,1.4345549187871,12,2,2,11,1.6876417084973e-08,1.6876417084973e-08,-17.897348628308,1,24
1.15,50,-1.7085322904497,nan,nan,nan,0.69708031871343,1.4345549187871,12,2,2,12,4.0631702775318e-09,4.0631702775318e-09,-19.321302311508,1,24
1.15,50,-1.7085322904497,nan,nan,nan,0.69708031871343,1.4345549187871,12,2,2,13,9.7867011233186e-10,9.7867011233186e-10,-20.744826494093,1,24
1.15,50,-1.7085322904497,nan,nan,nan,0.69708031871343,1.4345549187871,12,2,2,14,2.3578573488261e-10,2.3578573488261e-10,-22.168097626336,1,24
1.15,50,-1.7085322904497,nan,nan,nan,0.69708031871343,1.4345549187871,12,2,2,15,5.6815056341012e-11,5.6815056341012e-11,-23.591219748902,1,24
1.15,50,-1.7085322904497,nan,nan,nan,0.69708031871343,1.4345549187871,12,2,2,16,1.3691387174872e-11,1.3691387174872e-11,-25.014254154159,1,24
1.15,50,-1.7085322904497,nan,nan,nan,0.69708031871343,1.4345549187871,12,2,2,17,3.2995436893628e-12,3.2995436893628e-12,-26.437236932968,1,24
1.15,50,-1.7085322904497,nan,nan,nan,0.69708031871343,1.4345549187871,12,2,2,18,7.9519475879449e-13,7.9519475879449e-13,-27.860189330643,1,24
1.15,50,-1.7085322904497,nan,nan,nan,0.69708031871343,1.4345549187871,12,2,2,19,1.9164650295637e-13,1.9164650295637e-13,-29.283123850282,1,24
1.15,50,-1.7085322904497,nan,nan,nan,0.69708031871343,1.4345549187871,12,2,2,20,4.6188393571895e-14,4.6188393571895e-14,-30.706047849772,1,24
1.15,50,-1.7085322904497,nan,nan,nan,0.69708031871343,1.4345549187871,12,2,2,21,1.1131854086625e-14,1.1131854086625e-14,-32.128965658895,1,24
1.15,50,-1.7085322904497,nan,nan,nan,0.69708031871343,1.4345549187871,12,2,2,22,2.6828953590567e-15,2.6828953590567e-15,-33.551879825697,1,24
1.15,50,-1.7085322904497,nan,nan,nan,0.69708031871343,1.4345549187871,12,2,2,23,6.4660773295528e-16,6.4660773295528e-16,-34.974791849262,1,24
1.15,50,-1.7085322904497,nan,nan,nan,0.69708031871343,1.4345549187871,12,2,2,24,1.5583987881362e-16,1.5583987881362e-16,-36.397702611632,1,24
1.2,50,-1.3554608492857,nan,nan,nan,0.60855365833052,1.6432404707637,12,2,2,1,0.033122207457645,0.033122207457645,-3.4075513013949,1,24
1.2,50,-1.3554608492857,nan,nan,nan,0.60855365833052,1.6432404707637,12,2,2,2,0.0059183474399449,0.0059183474399449,-5.1296980177134,1,24
1.2,50,-1.3554608492857,nan,nan,nan,0.60855365833052,1.6432404707637,12,2,2,3,0.0011077569676634,0.0011077569676634,-6.8054180579803,1,24
1.2,50,-1.3554608492857,nan,nan,nan,0.60855365833052,1.6432404707637,12,2,2,4,0.00021242932186724,0.00021242932186724,-8.4569012279021,1,24
1.2,50,-1.3554608492857,nan,nan,nan,0.60855365833052,1.6432404707637,12,2,2,5,4.1066111531076e-05,4.1066111531076e-05,-10.100327313536,1,24
1.2,50,-1.3554608492857,nan,nan,nan,0.60855365833052,1.6432404707637,12,2,2,6,7.9589744841375e-06,7.9589744841375e-06,-11.741210400059,1,24
1.2,50,-1.3554608492857,nan,nan,nan,0.60855365833052,1.6432404707637,12,2,2,7,1.5437452321366e-06,1.5437452321366e-06,-13.381299125069,1,24
1.2,50,-1.3554608492857,nan,nan,nan,0.60855365833052,1.6432404707637,12,2,2,8,2.995033120097e-07,2.995033120097e-07,-15.021140360989,1,24
1.2,50,-1.3554608492857,nan,nan,nan,0.60855365833052,1.6432404707637,12,2,2,9,5.8111366989505e-08,5.8111366989505e-08,-16.660904546966,1,24
1.2,50,-1.3554608492857,nan,nan,nan,0.60855365833052,1.6432404707637,12,2,2,10,1.1275374347327e-08,1.1275374347327e-08,-18.300644750572,1,24
1.2,50,-1.3554608492857,nan,nan,nan,0.60855365833052,1.6432404707637,12,2,2,11,2.187782222554e-09,2.187782222554e-09,-19.940377489994,1,24
1.2,50,-1.3554608492857,nan,nan,nan,0.60855365833052,1.6432404707637,12,2,2,12,4.2450051102796e-10,4.2450051102796e-10,-21.580107906343,1,24
1.2,50,-1.3554608492857,nan,nan,nan,0.60855365833052,1.6432404707637,12,2,2,13,8.2366888391085e-11,8.2366888391085e-11,-23.219837599686,1,24
1.2,50,-1.3554608492857,nan,nan,nan,0.60855365833052,1.6432404707637,12,2,2,14,1.5981855506829e-11,1.5981855506829e-11,-24.859567068011,1,24
1.2,50,-1.3554608492857,nan,nan,nan,0.60855365833052,1.6432404707637,12,2,2,15,3.101000029477e-12,3.101000029477e-12,-26.499296466305,1,24
1.2,50,-1.3554608492857,nan,nan,nan,0.60855365833052,1.6432404707637,12,2,2,16,6.0169492761987e-13,6.0169492761987e-13,-28.139025842802,1,24
1.2,50,-1.3554608492857,nan,nan,nan,0.60855365833052,1.6432404707637,12,2,2,17,1.1674839888374e-13,1.1674839888374e-13,-29.778755212514,1,24
1.2,50,-1.3554608492857,nan,nan,nan,0.60855365833052,1.6432404707637,12,2,2,18,2.2652989156141e-14,2.2652989156141e-14,-31.418484580116,1,24
1.2,50,-1.3554608492857,nan,nan,nan,0.60855365833052,1.6432404707637,12,2,2,19,4.3954171787558e-15,4.3954171787558e-15,-33.05821394706,1,24
1.2,50,-1.3554608492857,nan,nan,nan,0.60855365833052,1.6432404707637,12,2,2,20,8.5285398964542e-16,8.5285398964542e-16,-34.697943313802,1,24
1.2,50,-1.3554608492857,nan,nan,nan,0.60855365833052,1.6432404707637,12,2,2,21,1.6548143170959e-16,1.6548143170959e-16,-36.337672680478,1,24
1.2,50,-1.3554608492857,nan,nan,nan,0.60855365833052,1.6432404707637,12,2,2,22,3.2108783653127e-17,3.2108783653127e-17,-37.977402047134,1,24
1.2,50,-1.3554608492857,nan,nan,nan,0.60855365833052,1.6432404707637,12,2,2,23,6.2301490689145e-18,6.2301490689145e-18,-39.617131413785,1,24
1.2,50,-1.3554608492857,nan,nan,nan,0.60855365833052,1.6432404707637,12,2,2,24,1.2088516911862e-18,1.2088516911862e-18,-41.256860780433,1,24
1.25,50,-1.0818023303503,nan,nan,nan,0.55756345599356,1.7935178305724,12,2,2,1,0.028981037899878,0.028981037899878,-3.5411135283804,1,24
1.25,50,-1.0818023303503,nan,nan,nan,0.55756345599356,1.7935178305724,12,2,2,2,0.0044216459313063,0.0044216459313063,-5.4212432695613,1,24
1.25,50,-1.0818023303503,nan,nan,nan,0.55756345599356,1.7935178305724,12,2,2,3,0.00071128806702453,0.00071128806702453,-7.2484330526561,1,24
1.25,50,-1.0818023303503,nan,nan,nan,0.55756345599356,1.7935178305724,12,2,2,4,0.00011742079186284,0.00011742079186284,-9.0497465635012,1,24
1.25,50,-1.0818023303503,nan,nan,nan,0.55756345599356,1.7935178305724,12,2,2,5,1.9551108822554e-05,1.9551108822554e-05,-10.842478555875,1,24
1.25,50,-1.0818023303503,nan,nan,nan,0.55756345599356,1.7935178305724,12,2,2,6,3.2642154127043e-06,3.2642154127043e-06,-12.632491126501,1,24
1.25,50,-1.0818023303503,nan,nan,nan,0.55756345599356,1.7935178305724,12,2,2,7,5.4545243568824e-07,5.4545243568824e-07,-14.421650229447,1,24
1.25,50,-1.0818023303503,nan,nan,nan,0.55756345599356,1.7935178305724,12,2,2,8,9.1169795921854e-08,9.1169795921854e-08,-16.210542179787,1,24
1.25,50,-1.0818023303503,nan,nan,nan,0.55756345599356,1.7935178305724,12,2,2,9,1.5239873742664e-08,1.5239873742664e-08,-17.999350571324,1,24
1.25,50,-1.0818023303503,nan,nan,nan,0.55756345599356,1.7935178305724,12,2,2,10,2.5475522670591e-09,2.5475522670591e-09,-19.788132834042,1,24
1.25,50,-1.0818023303503,nan,nan,nan,0.55756345599356,1.7935178305724,12,2,2,11,4.2586150553009e-10,4.2586150553009e-10,-21.576906926907,1,24
1.25,50,-1.0818023303503,nan,nan,nan,0.55756345599356,1.7935178305724,12,2,2,12,7.1189308855111e-11,7.1189308855111e-11,-23.365678465315,1,24
1.25,50,-1.0818023303503,nan,nan,nan,0.55756345599356,1.7935178305724,12,2,2,13,1.1900398785041e-11,1.1900398785041e-11,-25.154449205025,1,24
1.25,50,-1.0818023303503,nan,nan,nan,0.55756345599356,1.7935178305724,12,2,2,14,1.989337007005e-12,1.989337007005e-12,-26.943219695012,1,24
1.25,50,-1.0818023303503,nan,nan,nan,0.55756345599356,1.7935178305724,12,2,2,15,3.3254869083944e-13,3.3254869083944e-13,-28.731990106921,1,24
1.25,50,-1.0818023303503,nan,nan,nan,0.55756345599356,1.7935178305724,12,2,2,16,5.559069885588e-14,5.559069885588e-14,-30.520760494413,1,24
1.25,50,-1.0818023303503,nan,nan,nan,0.55756345599356,1.7935178305724,12,2,2,17,9.2928521686942e-15,9.2928521686942e-15,-32.309530874275,1,24
1.25,50,-1.0818023303503,nan,nan,nan,0.55756345599356,1.7935178305724,12,2,2,18,1.5534451520235e-15,1.5534451520235e-15,-34.098301251751,1,24
1.25,50,-1.0818023303503,nan,nan,nan,0.55756345599356,1.7935178305724,12,2,2,19,2.5968258165992e-16,2.5968258165992e-16,-35.887071628479,1,24
1.25,50,-1.0818023303503,nan,nan,nan,0.55756345599356,1.7935178305724,12,2,2,20,4.3409993037357e-17,4.3409993037357e-17,-37.675842004974,1,24
1.25,50,-1.0818023303503,nan,nan,nan,0.55756345599356,1.7935178305724,12,2,2,21,7.2566572759324e-18,7.2566572759324e-18,-39.464612381399,1,24
1.25,50,-1.0818023303503,nan,nan,nan,0.55756345599356,1.7935178305724,12,2,2,22,1.2130634247369e-18,1.2130634247369e-18,-41.253382757798,1,24
1.25,50,-1.0818023303503,nan,nan,nan,0.55756345599356,1.7935178305724,12,2,2,23,2.027824680822e-19,2.027824680822e-19,-43.042153134194,1,24
1.25,50,-1.0818023303503,nan,nan,nan,0.55756345599356,1.7935178305724,12,2,2,24,3.3898251751081e-20,3.3898251751081e-20,-44.830923510583,1,24
