g,N,E0,E1,gap,xi_gap,xi_corr,m_corr,xi_transfer,m_transfer,i0,comp_i,comp_j,r,corr,abs_corr,log_abs_corr,rMin,rMax
0.45,91,-102.82098936997,nan,nan,nan,41.648472105053,0.024010484645814,nan,nan,30,2,2,1,0.11057362191527,0.11057362191527,-2.2020737182014,1,30
0.45,91,-102.82098936997,nan,nan,nan,41.648472105053,0.024010484645814,nan,nan,30,2,2,2,0.10936514391458,0.10936514391458,-2.2130630511458,1,30
0.45,91,-102.82098936997,nan,nan,nan,41.648472105053,0.024010484645814,nan,nan,30,2,2,3,0.10773864093454,0.10773864093454,-2.2280469761165,1,30
0.45,91,-102.82098936997,nan,nan,nan,41.648472105053,0.024010484645814,nan,nan,30,2,2,4,0.10586229432669,0.10586229432669,-2.2456161395708,1,30
0.45,91,-102.82098936997,nan,nan,nan,41.648472105053,0.024010484645814,nan,nan,30,2,2,5,0.10382173032168,0.10382173032168,-2.2650799821675,1,30
0.45,91,-102.82098936997,nan,nan,nan,41.648472105053,0.024010484645814,nan,nan,30,2,2,6,0.10169162923731,0.10169162923731,-2.2858102876995,1,30
0.45,91,-102.82098936997,nan,nan,nan,41.648472105053,0.024010484645814,nan,nan,30,2,2,7,0.099524047704488,0.099524047704488,-2.3073559785466,1,30
0.45,91,-102.82098936997,nan,nan,nan,41.648472105053,0.024010484645814,nan,nan,30,2,2,8,0.097339379526776,0.097339379526776,-2.3295516488855,1,30
0.45,91,-102.82098936997,nan,nan,nan,41.648472105053,0.024010484645814,nan,nan,30,2,2,9,0.095155039948165,0.095155039948165,-2.3522477181912,1,30
0.45,91,-102.82098936997,nan,nan,nan,41.648472105053,0.024010484645814,nan,nan,30,2,2,10,0.092983030639169,0.092983030639169,-2.3753382687234,1,30
0.45,91,-102.82098936997,nan,nan,nan,41.648472105053,0.024010484645814,nan,nan,30,2,2,11,0.090815349747579,0.090815349747579,-2.3989269575788,1,30
0.45,91,-102.82098936997,nan,nan,nan,41.648472105053,0.024010484645814,nan,nan,30,2,2,12,0.088663588887119,0.088663588887119,-2.4229059712704,1,30
0.45,91,-102.82098936997,nan,nan,nan,41.648472105053,0.024010484645814,nan,nan,30,2,2,13,0.086528411598921,0.086528411598921,-2.4472824611838,1,30
0.45,91,-102.82098936997,nan,nan,nan,41.648472105053,0.024010484645814,nan,nan,30,2,2,14,0.08441552691682,0.08441552691682,-2.4720039260915,1,30
0.45,91,-102.82098936997,nan,nan,nan,41.648472105053,0.024010484645814,nan,nan,30,2,2,15,0.082336276551829,0.082336276551829,-2.4969434840681,1,30
0.45,91,-102.82098936997,nan,nan,nan,41.648472105053,0.024010484645814,nan,nan,30,2,2,16,0.080286705434049,0.080286705434049,-2.522151232956,1,30
0.45,91,-102.82098936997,nan,nan,nan,41.648472105053,0.024010484645814,nan,nan,30,2,2,17,0.078279052245635,0.078279052245635,-2.5474752437627,1,30
0.45,91,-102.82098936997,nan,nan,nan,41.648472105053,0.024010484645814,nan,nan,30,2,2,18,0.076306693661555,0.076306693661555,-2.572994616341,1,30
0.45,91,-102.82098936997,nan,nan,nan,41.648472105053,0.024010484645814,nan,nan,30,2,2,19,0.074387414337119,0.074387414337119,-2.5984685135881,1,30
0.45,91,-102.82098936997,nan,nan,nan,41.648472105053,0.024010484645814,nan,nan,30,2,2,20,0.072513993641743,0.072513993641743,-2.6239757199985,1,30
0.45,91,-102.82098936997,nan,nan,nan,41.648472105053,0.024010484645814,nan,nan,30,2,2,21,0.070685595981135,0.070685595981135,-2.6495134611908,1,30
0.45,91,-102.82098936997,nan,nan,nan,41.648472105053,0.024010484645814,nan,nan,30,2,2,22,0.068905391660621,0.068905391660621,-2.6750208506044,1,30
0.45,91,-102.82098936997,nan,nan,nan,41.648472105053,0.024010484645814,nan,nan,30,2,2,23,0.067176638991062,0.067176638991062,-2.7004297259533,1,30
0.45,91,-102.82098936997,nan,nan,nan,41.648472105053,0.024010484645814,nan,nan,30,2,2,24,0.065498886242474,0.065498886242474,-2.7257221404172,1,30
0.45,91,-102.82098936997,nan,nan,nan,41.648472105053,0.024010484645814,nan,nan,30,2,2,25,0.063875727759524,0.063875727759524,-2.7508158370277,1,30
0.45,91,-102.82098936997,nan,nan,nan,41.648472105053,0.024010484645814,nan,nan,30,2,2,26,0.062301108714898,0.062301108714898,-2.7757760569603,1,30
0.45,91,-102.82098936997,nan,nan,nan,41.648472105053,0.024010484645814,nan,nan,30,2,2,27,0.0607815619994,0.0607815619994,-2.8004687925904,1,30
0.45,91,-102.82098936997,nan,nan,nan,41.648472105053,0.024010484645814,nan,nan,30,2,2,28,0.059305446764298,0.059305446764298,-2.8250541261965,1,30
0.45,91,-102.82098936997,nan,nan,nan,41.648472105053,0.024010484645814,nan,nan,30,2,2,29,0.057874636218627,0.057874636218627,-2.8494760522348,1,30
0.45,91,-102.82098936997,nan,nan,nan,41.648472105053,0.024010484645814,nan,nan,30,2,2,30,0.056492704107953,0.056492704107953,-2.8736437800005,1,30
0.5,91,-80.063149317324,nan,nan,nan,34.064503403254,0.029356071572864,nan,nan,30,2,2,1,0.11010316243764,0.11010316243764,-2.206337512345,1,30
0.5,91,-80.063149317324,nan,nan,nan,34.064503403254,0.029356071572864,nan,nan,30,2,2,2,0.10801581432032,0.10801581432032,-2.2254776336857,1,30
0.5,91,-80.063149317324,nan,nan,nan,34.064503403254,0.029356071572864,nan,nan,30,2,2,3,0.10541316579183,0.10541316579183,-2.2498677380398,1,30
0.5,91,-80.063149317324,nan,nan,nan,34.064503403254,0.029356071572864,nan,nan,30,2,2,4,0.10259295916247,0.10259295916247,-2.2769859727477,1,30
0.5,91,-80.063149317324,nan,nan,nan,34.064503403254,0.029356071572864,nan,nan,30,2,2,5,0.099713441294441,0.099713441294441,-2.3054547937048,1,30
0.5,91,-80.063149317324,nan,nan,nan,34.064503403254,0.029356071572864,nan,nan,30,2,2,6,0.0968592363757,0.0968592363757,-2.3344965258323,1,30
0.5,91,-80.063149317324,nan,nan,nan,34.064503403254,0.029356071572864,nan,nan,30,2,2,7,0.094072536689952,0.094072536689952,-2.3636891273796,1,30
0.5,91,-80.063149317324,nan,nan,nan,34.064503403254,0.029356071572864,nan,nan,30,2,2,8,0.091366843807161,0.091366843807161,-2.3928726255565,1,30
0.5,91,-80.063149317324,nan,nan,nan,34.064503403254,0.029356071572864,nan,nan,30,2,2,9,0.088740336955938,0.088740336955938,-2.4220407359241,1,30
0.5,91,-80.063149317324,nan,nan,nan,34.064503403254,0.029356071572864,nan,nan,30,2,2,10,0.086194706527142,0.086194706527142,-2.451146512396,1,30
0.5,91,-80.063149317324,nan,nan,nan,34.064503403254,0.029356071572864,nan,nan,30,2,2,11,0.083718638699197,0.083718638699197,-2.480293641699,1,30
0.5,91,-80.063149317324,nan,nan,nan,34.064503403254,0.029356071572864,nan,nan,30,2,2,12,0.081312970564629,0.081312970564629,-2.5094497356131,1,30
0.5,91,-80.063149317324,nan,nan,nan,34.064503403254,0.029356071572864,nan,nan,30,2,2,13,0.07897810623985,0.07897810623985,-2.5385846011289,1,30
0.5,91,-80.063149317324,nan,nan,nan,34.064503403254,0.029356071572864,nan,nan,30,2,2,14,0.076707868212617,0.076707868212617,-2.567750991612,1,30
0.5,91,-80.063149317324,nan,nan,nan,34.064503403254,0.029356071572864,nan,nan,30,2,2,15,0.074483291651986,0.074483291651986,-2.5971804518773,1,30
0.5,91,-80.063149317324,nan,nan,nan,34.064503403254,0.029356071572864,nan,nan,30,2,2,16,0.072313689767049,0.072313689767049,-2.6267418210324,1,30
0.5,91,-80.063149317324,nan,nan,nan,34.064503403254,0.029356071572864,nan,nan,30,2,2,17,0.070199551199177,0.070199551199177,-2.6564133611449,1,30
0.5,91,-80.063149317324,nan,nan,nan,34.064503403254,0.029356071572864,nan,nan,30,2,2,18,0.068126198198728,0.068126198198728,-2.6863934379152,1,30
0.5,91,-80.063149317324,nan,nan,nan,34.064503403254,0.029356071572864,nan,nan,30,2,2,19,0.066116255481339,0.066116255481339,-2.7163406397966,1,30
0.5,91,-80.063149317324,nan,nan,nan,34.064503403254,0.029356071572864,nan,nan,30,2,2,20,0.064159250928879,0.064159250928879,-2.7463869905407,1,30
0.5,91,-80.063149317324,nan,nan,nan,34.064503403254,0.029356071572864,nan,nan,30,2,2,21,0.062257819288902,0.062257819288902,-2.776471140459,1,30
0.5,91,-80.063149317324,nan,nan,nan,34.064503403254,0.029356071572864,nan,nan,30,2,2,22,0.060414934168736,0.060414934168736,-2.8065189501544,1,30
0.5,91,-80.063149317324,nan,nan,nan,34.064503403254,0.029356071572864,nan,nan,30,2,2,23,0.058615380582306,0.058615380582306,-2.8367581495628,1,30
0.5,91,-80.063149317324,nan,nan,nan,34.064503403254,0.029356071572864,nan,nan,30,2,2,24,0.05687956714603,0.05687956714603,-2.8668191034663,1,30
0.5,91,-80.063149317324,nan,nan,nan,34.064503403254,0.029356071572864,nan,nan,30,2,2,25,0.055207828828309,0.055207828828309,-2.8966505091557,1,30
0.5,91,-80.063149317324,nan,nan,nan,34.064503403254,0.029356071572864,nan,nan,30,2,2,26,0.053599229198672,0.053599229198672,-2.9262205916306,1,30
0.5,91,-80.063149317324,nan,nan,nan,34.064503403254,0.029356071572864,nan,nan,30,2,2,27,0.052040835872172,0.052040835872172,-2.9557265633574,1,30
0.5,91,-80.063149317324,nan,nan,nan,34.064503403254,0.029356071572864,nan,nan,30,2,2,28,0.050529983970809,0.050529983970809,-2.9851883768996,1,30
0.5,91,-80.063149317324,nan,nan,nan,34.064503403254,0.029356071572864,nan,nan,30,2,2,29,0.049073801131319,0.049073801131319,-3.014429968434,1,30
0.5,91,-80.063149317324,nan,nan,nan,34.064503403254,0.029356071572864,nan,nan,30,2,2,30,0.047669222518963,0.047669222518963,-3.0434693195488,1,30
0.55,91,-62.775374543829,nan,nan,nan,31.378350192821,0.031869107007059,nan,nan,30,2,2,1,0.10929139810687,0.10929139810687,-2.2137375867423,1,30
0.55,91,-62.775374543829,nan,nan,nan,31.378350192821,0.031869107007059,nan,nan,30,2,2,2,0.10586217500567,0.10586217500567,-2.2456172667056,1,30
0.55,91,-62.775374543829,nan,nan,nan,31.378350192821,0.031869107007059,nan,nan,30,2,2,3,0.1019156985082,0.1019156985082,-2.2836092926388,1,30
0.55,91,-62.775374543829,nan,nan,nan,31.378350192821,0.031869107007059,nan,nan,30,2,2,4,0.097959700194898,0.097959700194898,-2.3231991073878,1,30
0.55,91,-62.775374543829,nan,nan,nan,31.378350192821,0.031869107007059,nan,nan,30,2,2,5,0.094183941920092,0.094183941920092,-2.3625055798707,1,30
0.55,91,-62.775374543829,nan,nan,nan,31.378350192821,0.031869107007059,nan,nan,30,2,2,6,0.090670725677369,0.090670725677369,-2.4005207338559,1,30
0.55,91,-62.775374543829,nan,nan,nan,31.378350192821,0.031869107007059,nan,nan,30,2,2,7,0.087421354110123,0.087421354110123,-2.4370156999607,1,30
0.55,91,-62.775374543829,nan,nan,nan,31.378350192821,0.031869107007059,nan,nan,30,2,2,8,0.084427915555823,0.084427915555823,-2.4718571790359,1,30
0.55,91,-62.775374543829,nan,nan,nan,31.378350192821,0.031869107007059,nan,nan,30,2,2,9,0.081625029729614,0.081625029729614,-2.5056193271637,1,30
0.55,91,-62.775374543829,nan,nan,nan,31.378350192821,0.031869107007059,nan,nan,30,2,2,10,0.079004066281272,0.079004066281272,-2.5382559559249,1,30
0.55,91,-62.775374543829,nan,nan,nan,31.378350192821,0.031869107007059,nan,nan,30,2,2,11,0.076528660954178,0.076528660954178,-2.5700899553188,1,30
0.55,91,-62.775374543829,nan,nan,nan,31.378350192821,0.031869107007059,nan,nan,30,2,2,12,0.074192008108897,0.074192008108897,-2.6010988420369,1,30
0.55,91,-62.775374543829,nan,nan,nan,31.378350192821,0.031869107007059,nan,nan,30,2,2,13,0.07195034114768,0.07195034114768,-2.6317791042051,1,30
0.55,91,-62.775374543829,nan,nan,nan,31.378350192821,0.031869107007059,nan,nan,30,2,2,14,0.0698001406635,0.0698001406635,-2.6621192539795,1,30
0.55,91,-62.775374543829,nan,nan,nan,31.378350192821,0.031869107007059,nan,nan,30,2,2,15,0.067723697257332,0.067723697257332,-2.6923191269681,1,30
0.55,91,-62.775374543829,nan,nan,nan,31.378350192821,0.031869107007059,nan,nan,30,2,2,16,0.06572376594532,0.06572376594532,-2.7222946845741,1,30
0.55,91,-62.775374543829,nan,nan,nan,31.378350192821,0.031869107007059,nan,nan,30,2,2,17,0.063773920650761,0.063773920650761,-2.7524109394289,1,30
0.55,91,-62.775374543829,nan,nan,nan,31.378350192821,0.031869107007059,nan,nan,30,2,2,18,0.061876626159376,0.061876626159376,-2.782612777075,1,30
0.55,91,-62.775374543829,nan,nan,nan,31.378350192821,0.031869107007059,nan,nan,30,2,2,19,0.060024089512804,0.060024089512804,-2.8130093054563,1,30
0.55,91,-62.775374543829,nan,nan,nan,31.378350192821,0.031869107007059,nan,nan,30,2,2,20,0.058231225130536,0.058231225130536,-2.8433335538467,1,30
0.55,91,-62.775374543829,nan,nan,nan,31.378350192821,0.031869107007059,nan,nan,30,2,2,21,0.056477085631727,0.056477085631727,-2.8739202871333,1,30
0.55,91,-62.775374543829,nan,nan,nan,31.378350192821,0.031869107007059,nan,nan,30,2,2,22,0.054767621368373,0.054767621368373,-2.9046561105915,1,30
0.55,91,-62.775374543829,nan,nan,nan,31.378350192821,0.031869107007059,nan,nan,30,2,2,23,0.053103456726245,0.053103456726245,-2.9355132544304,1,30
0.55,91,-62.775374543829,nan,nan,nan,31.378350192821,0.031869107007059,nan,nan,30,2,2,24,0.051481216144513,0.051481216144513,-2.9665382729025,1,30
0.55,91,-62.775374543829,nan,nan,nan,31.378350192821,0.031869107007059,nan,nan,30,2,2,25,0.049901845786645,0.049901845786645,-2.9976972871964,1,30
0.55,91,-62.775374543829,nan,nan,nan,31.378350192821,0.031869107007059,nan,nan,30,2,2,26,0.048374008983203,0.048374008983203,-3.0287926139774,1,30
0.55,91,-62.775374543829,nan,nan,nan,31.378350192821,0.031869107007059,nan,nan,30,2,2,27,0.046883254602865,0.046883254602865,-3.0600947120006,1,30
0.55,91,-62.775374543829,nan,nan,nan,31.378350192821,0.031869107007059,nan,nan,30,2,2,28,0.045441478000173,0.045441478000173,-3.091329978686,1,30
0.55,91,-62.775374543829,nan,nan,nan,31.378350192821,0.031869107007059,nan,nan,30,2,2,29,0.044046767624614,0.044046767624614,-3.1225033089833,1,30
0.55,91,-62.775374543829,nan,nan,nan,31.378350192821,0.031869107007059,nan,nan,30,2,2,30,0.042689878542927,0.042689878542927,-3.1537934233105,1,30
0.6,91,-49.270423607695,nan,nan,nan,24.487271422386,0.040837543013707,nan,nan,30,2,2,1,0.1077856428757,0.1077856428757,-2.2276108123481,1,30
0.6,91,-49.270423607695,nan,nan,nan,24.487271422386,0.040837543013707,nan,nan,30,2,2,2,0.10205694348802,0.10205694348802,-2.2822243519819,1,30
0.6,91,-49.270423607695,nan,nan,nan,24.487271422386,0.040837543013707,nan,nan,30,2,2,3,0.095982757437758,0.095982757437758,-2.3435867136695,1,30
0.6,91,-49.270423607695,nan,nan,nan,24.487271422386,0.040837543013707,nan,nan,30,2,2,4,0.090275401288477,0.090275401288477,-2.4048902666501,1,30
0.6,91,-49.270423607695,nan,nan,nan,24.487271422386,0.040837543013707,nan,nan,30,2,2,5,0.085143873166098,0.085143873166098,-2.4634128278844,1,30
0.6,91,-49.270423607695,nan,nan,nan,24.487271422386,0.040837543013707,nan,nan,30,2,2,6,0.080580898361415,0.080580898361415,-2.5184936505914,1,30
0.6,91,-49.270423607695,nan,nan,nan,24.487271422386,0.040837543013707,nan,nan,30,2,2,7,0.076520787263566,0.076520787263566,-2.5701928461258,1,30
0.6,91,-49.270423607695,nan,nan,nan,24.487271422386,0.040837543013707,nan,nan,30,2,2,8,0.072890104079986,0.072890104079986,-2.6188023956842,1,30
0.6,91,-49.270423607695,nan,nan,nan,24.487271422386,0.040837543013707,nan,nan,30,2,2,9,0.069605425987733,0.069605425987733,-2.6649127550866,1,30
0.6,91,-49.270423607695,nan,nan,nan,24.487271422386,0.040837543013707,nan,nan,30,2,2,10,0.066608727820738,0.066608727820738,-2.7089196616625,1,30
0.6,91,-49.270423607695,nan,nan,nan,24.487271422386,0.040837543013707,nan,nan,30,2,2,11,0.06385797346469,0.06385797346469,-2.7510938262315,1,30
0.6,91,-49.270423607695,nan,nan,nan,24.487271422386,0.040837543013707,nan,nan,30,2,2,12,0.06131783846235,0.06131783846235,-2.7916844757246,1,30
0.6,91,-49.270423607695,nan,nan,nan,24.487271422386,0.040837543013707,nan,nan,30,2,2,13,0.058941928733171,0.058941928733171,-2.831202578537,1,30
0.6,91,-49.270423607695,nan,nan,nan,24.487271422386,0.040837543013707,nan,nan,30,2,2,14,0.056711172736234,0.056711172736234,-2.8697840376385,1,30
0.6,91,-49.270423607695,nan,nan,nan,24.487271422386,0.040837543013707,nan,nan,30,2,2,15,0.054601659503931,0.054601659503931,-2.9076910028483,1,30
0.6,91,-49.270423607695,nan,nan,nan,24.487271422386,0.040837543013707,nan,nan,30,2,2,16,0.052600136940765,0.052600136940765,-2.9450365558053,1,30
0.6,91,-49.270423607695,nan,nan,nan,24.487271422386,0.040837543013707,nan,nan,30,2,2,17,0.050690742705627,0.050690742705627,-2.9820119746891,1,30
0.6,91,-49.270423607695,nan,nan,nan,24.487271422386,0.040837543013707,nan,nan,30,2,2,18,0.048863618959786,0.048863618959786,-3.0187221479506,1,30
0.6,91,-49.270423607695,nan,nan,nan,24.487271422386,0.040837543013707,nan,nan,30,2,2,19,0.04710946004348,0.04710946004348,-3.0552814479474,1,30
0.6,91,-49.270423607695,nan,nan,nan,24.487271422386,0.040837543013707,nan,nan,30,2,2,20,0.045416466137558,0.045416466137558,-3.0918805494365,1,30
0.6,91,-49.270423607695,nan,nan,nan,24.487271422386,0.040837543013707,nan,nan,30,2,2,21,0.043796270082042,0.043796270082042,-3.1282066231701,1,30
0.6,91,-49.270423607695,nan,nan,nan,24.487271422386,0.040837543013707,nan,nan,30,2,2,22,0.042222954829485,0.042222954829485,-3.1647912525238,1,30
0.6,91,-49.270423607695,nan,nan,nan,24.487271422386,0.040837543013707,nan,nan,30,2,2,23,0.040710118973781,0.040710118973781,-3.2012785940008,1,30
0.6,91,-49.270423607695,nan,nan,nan,24.487271422386,0.040837543013707,nan,nan,30,2,2,24,0.039246339102913,0.039246339102913,-3.2378971103671,1,30
0.6,91,-49.270423607695,nan,nan,nan,24.487271422386,0.040837543013707,nan,nan,30,2,2,25,0.037843974152212,0.037843974152212,-3.274283515149,1,30
0.6,91,-49.270423607695,nan,nan,nan,24.487271422386,0.040837543013707,nan,nan,30,2,2,26,0.036492248834433,0.036492248834433,-3.3106554016459,1,30
0.6,91,-49.270423607695,nan,nan,nan,24.487271422386,0.040837543013707,nan,nan,30,2,2,27,0.035189325613269,0.035189325613269,-3.3470124919906,1,30
0.6,91,-49.270423607695,nan,nan,nan,24.487271422386,0.040837543013707,nan,nan,30,2,2,28,0.033934586671865,0.033934586671865,-3.3833205288957,1,30
0.6,91,-49.270423607695,nan,nan,nan,24.487271422386,0.040837543013707,nan,nan,30,2,2,29,0.032721441465361,0.032721441465361,-3.4197247136531,1,30
0.6,91,-49.270423607695,nan,nan,nan,24.487271422386,0.040837543013707,nan,nan,30,2,2,30,0.031564305667877,0.031564305667877,-3.4557283643037,1,30
0.65,91,-38.543272064733,nan,nan,nan,15.878553356219,0.062978029393862,nan,nan,30,2,2,1,0.10511046041891,0.10511046041891,-2.2527434778034,1,30
0.65,91,-38.543272064733,nan,nan,nan,15.878553356219,0.062978029393862,nan,nan,30,2,2,2,0.095498384163547,0.095498384163547,-2.348645951392,1,30
0.65,91,-38.543272064733,nan,nan,nan,15.878553356219,0.062978029393862,nan,nan,30,2,2,3,0.086116395229332,0.086116395229332,-2.4520554648942,1,30
0.65,91,-38.543272064733,nan,nan,nan,15.878553356219,0.062978029393862,nan,nan,30,2,2,4,0.077865160214482,0.077865160214482,-2.5527766634439,1,30
0.65,91,-38.543272064733,nan,nan,nan,15.878553356219,0.062978029393862,nan,nan,30,2,2,5,0.070813074388423,0.070813074388423,-2.6477116288281,1,30
0.65,91,-38.543272064733,nan,nan,nan,15.878553356219,0.062978029393862,nan,nan,30,2,2,6,0.064796346613526,0.064796346613526,-2.7365060566342,1,30
0.65,91,-38.543272064733,nan,nan,nan,15.878553356219,0.062978029393862,nan,nan,30,2,2,7,0.05962381256361,0.05962381256361,-2.8197002450477,1,30
0.65,91,-38.543272064733,nan,nan,nan,15.878553356219,0.062978029393862,nan,nan,30,2,2,8,0.055129296931339,0.055129296931339,-2.8980739993852,1,30
0.65,91,-38.543272064733,nan,nan,nan,15.878553356219,0.062978029393862,nan,nan,30,2,2,9,0.051182919225399,0.051182919225399,-2.9723494114754,1,30
0.65,91,-38.543272064733,nan,nan,nan,15.878553356219,0.062978029393862,nan,nan,30,2,2,10,0.047682719546332,0.047682719546332,-3.0431862203866,1,30
0.65,91,-38.543272064733,nan,nan,nan,15.878553356219,0.062978029393862,nan,nan,30,2,2,11,0.044552662483271,0.044552662483271,-3.1110833629169,1,30
0.65,91,-38.543272064733,nan,nan,nan,15.878553356219,0.062978029393862,nan,nan,30,2,2,12,0.041731574896585,0.041731574896585,-3.1764972449378,1,30
0.65,91,-38.543272064733,nan,nan,nan,15.878553356219,0.062978029393862,nan,nan,30,2,2,13,0.039174156723262,0.039174156723262,-3.2397380168617,1,30
0.65,91,-38.543272064733,nan,nan,nan,15.878553356219,0.062978029393862,nan,nan,30,2,2,14,0.036844295573009,0.036844295573009,-3.3010544736049,1,30
0.65,91,-38.543272064733,nan,nan,nan,15.878553356219,0.062978029393862,nan,nan,30,2,2,15,0.034708235668527,0.034708235668527,-3.3607782810392,1,30
0.65,91,-38.543272064733,nan,nan,nan,15.878553356219,0.062978029393862,nan,nan,30,2,2,16,0.032742417639499,0.032742417639499,-3.4190838661644,1,30
0.65,91,-38.543272064733,nan,nan,nan,15.878553356219,0.062978029393862,nan,nan,30,2,2,17,0.030928546987443,0.030928546987443,-3.4760756708395,1,30
0.65,91,-38.543272064733,nan,nan,nan,15.878553356219,0.062978029393862,nan,nan,30,2,2,18,0.029251634706298,0.029251634706298,-3.5318198194711,1,30
0.65,91,-38.543272064733,nan,nan,nan,15.878553356219,0.062978029393862,nan,nan,30,2,2,19,0.027690226670892,0.027690226670892,-3.5866757558128,1,30
0.65,91,-38.543272064733,nan,nan,nan,15.878553356219,0.062978029393862,nan,nan,30,2,2,20,0.02623758435538,0.02623758435538,-3.6405623787713,1,30
0.65,91,-38.543272064733,nan,nan,nan,15.878553356219,0.062978029393862,nan,nan,30,2,2,21,0.024879819884375,0.024879819884375,-3.6936982505114,1,30
0.65,91,-38.543272064733,nan,nan,nan,15.878553356219,0.062978029393862,nan,nan,30,2,2,22,0.023608151061465,0.023608151061465,-3.7461632426215,1,30
0.65,91,-38.543272064733,nan,nan,nan,15.878553356219,0.062978029393862,nan,nan,30,2,2,23,0.022413862730168,0.022413862730168,-3.7980756396609,1,30
0.65,91,-38.543272064733,nan,nan,nan,15.878553356219,0.062978029393862,nan,nan,30,2,2,24,0.02129088546357,0.02129088546357,-3.8494762103559,1,30
0.65,91,-38.543272064733,nan,nan,nan,15.878553356219,0.062978029393862,nan,nan,30,2,2,25,0.02023280243554,0.02023280243554,-3.9004501086997,1,30
0.65,91,-38.543272064733,nan,nan,nan,15.878553356219,0.062978029393862,nan,nan,30,2,2,26,0.019233411095442,0.019233411095442,-3.9511063510538,1,30
0.65,91,-38.543272064733,nan,nan,nan,15.878553356219,0.062978029393862,nan,nan,30,2,2,27,0.018288642859984,0.018288642859984,-4.0014750205361,1,30
0.65,91,-38.543272064733,nan,nan,nan,15.878553356219,0.062978029393862,nan,nan,30,2,2,28,0.017394380241292,0.017394380241292,-4.0516080995676,1,30
0.65,91,-38.543272064733,nan,nan,nan,15.878553356219,0.062978029393862,nan,nan,30,2,2,29,0.016547008427577,0.016547008427577,-4.1015499531611,1,30
0.65,91,-38.543272064733,nan,nan,nan,15.878553356219,0.062978029393862,nan,nan,30,2,2,30,0.015742403195743,0.015742403195743,-4.1513973668505,1,30
0.7,91,-30.002916258686,nan,nan,nan,8.006653060013,0.12489613231704,nan,nan,30,2,2,1,0.1005907098464,0.1005907098464,-2.2966953730321,1,30
0.7,91,-30.002916258686,nan,nan,nan,8.006653060013,0.12489613231704,nan,nan,30,2,2,2,0.084939731874976,0.084939731874976,-2.4658133107423,1,30
0.7,91,-30.002916258686,nan,nan,nan,8.006653060013,0.12489613231704,nan,nan,30,2,2,3,0.071044080150869,0.071044080150869,-2.6444547473914,1,30
0.7,91,-30.002916258686,nan,nan,nan,8.006653060013,0.12489613231704,nan,nan,30,2,2,4,0.059726076848311,0.059726076848311,-2.817986555823,1,30
0.7,91,-30.002916258686,nan,nan,nan,8.006653060013,0.12489613231704,nan,nan,30,2,2,5,0.050641043629332,0.050641043629332,-2.9829928925645,1,30
0.7,91,-30.002916258686,nan,nan,nan,8.006653060013,0.12489613231704,nan,nan,30,2,2,6,0.043297463824582,0.043297463824582,-3.1396612178697,1,30
0.7,91,-30.002916258686,nan,nan,nan,8.006653060013,0.12489613231704,nan,nan,30,2,2,7,0.037286838942556,0.037286838942556,-3.2891148579593,1,30
0.7,91,-30.002916258686,nan,nan,nan,8.006653060013,0.12489613231704,nan,nan,30,2,2,8,0.032304588373932,0.032304588373932,-3.4325460039219,1,30
0.7,91,-30.002916258686,nan,nan,nan,8.006653060013,0.12489613231704,nan,nan,30,2,2,9,0.028128227909039,0.028128227909039,-3.570981654944,1,30
0.7,91,-30.002916258686,nan,nan,nan,8.006653060013,0.12489613231704,nan,nan,30,2,2,10,0.024594036832804,0.024594036832804,-3.7052512705993,1,30
0.7,91,-30.002916258686,nan,nan,nan,8.006653060013,0.12489613231704,nan,nan,30,2,2,11,0.021579479679799,0.021579479679799,-3.8360124306662,1,30
0.7,91,-30.002916258686,nan,nan,nan,8.006653060013,0.12489613231704,nan,nan,30,2,2,12,0.018991065403636,0.018991065403636,-3.963786652328,1,30
0.7,91,-30.002916258686,nan,nan,nan,8.006653060013,0.12489613231704,nan,nan,30,2,2,13,0.016756134063242,0.016756134063242,-4.0889908750197,1,30
0.7,91,-30.002916258686,nan,nan,nan,8.006653060013,0.12489613231704,nan,nan,30,2,2,14,0.014817270033914,0.014817270033914,-4.2119618843205,1,30
0.7,91,-30.002916258686,nan,nan,nan,8.006653060013,0.12489613231704,nan,nan,30,2,2,15,0.013128437865709,0.013128437865709,-4.3329745721774,1,30
0.7,91,-30.002916258686,nan,nan,nan,8.006653060013,0.12489613231704,nan,nan,30,2,2,16,0.011652254751761,0.011652254751761,-4.4522555767734,1,30
0.7,91,-30.002916258686,nan,nan,nan,8.006653060013,0.12489613231704,nan,nan,30,2,2,17,0.010358026012963,0.010358026012963,-4.569993599595,1,30
0.7,91,-30.002916258686,nan,nan,nan,8.006653060013,0.12489613231704,nan,nan,30,2,2,18,0.0092203034340479,0.0092203034340479,-4.6863473315378,1,30
0.7,91,-30.002916258686,nan,nan,nan,8.006653060013,0.12489613231704,nan,nan,30,2,2,19,0.008217809490513,0.008217809490513,-4.8014515907666,1,30
0.7,91,-30.002916258686,nan,nan,nan,8.006653060013,0.12489613231704,nan,nan,30,2,2,20,0.0073326220398905,0.0073326220398905,-4.9154221135566,1,30
0.7,91,-30.002916258686,nan,nan,nan,8.006653060013,0.12489613231704,nan,nan,30,2,2,21,0.0065495475811777,0.0065495475811777,-5.0283593032965,1,30
0.7,91,-30.002916258686,nan,nan,nan,8.006653060013,0.12489613231704,nan,nan,30,2,2,22,0.005855633060275,0.005855633060275,-5.1403511647585,1,30
0.7,91,-30.002916258686,nan,nan,nan,8.006653060013,0.12489613231704,nan,nan,30,2,2,23,0.0052397808707748,0.0052397808707748,-5.251475600078,1,30
0.7,91,-30.002916258686,nan,nan,nan,8.006653060013,0.12489613231704,nan,nan,30,2,2,24,0.004692441738796,0.004692441738796,-5.361802205394,1,30
0.7,91,-30.002916258686,nan,nan,nan,8.006653060013,0.12489613231704,nan,nan,30,2,2,25,0.0042053671400891,0.0042053671400891,-5.4713936790025,1,30
0.7,91,-30.002916258686,nan,nan,nan,8.006653060013,0.12489613231704,nan,nan,30,2,2,26,0.003771407789723,0.003771407789723,-5.5803069282011,1,30
0.7,91,-30.002916258686,nan,nan,nan,8.006653060013,0.12489613231704,nan,nan,30,2,2,27,0.0033843482068742,0.0033843482068742,-5.6885939445193,1,30
0.7,91,-30.002916258686,nan,nan,nan,8.006653060013,0.12489613231704,nan,nan,30,2,2,28,0.0030387698186985,0.0030387698186985,-5.7963025103648,1,30
0.7,91,-30.002916258686,nan,nan,nan,8.006653060013,0.12489613231704,nan,nan,30,2,2,29,0.0027299369665688,0.0027299369665688,-5.9034767592207,1,30
0.7,91,-30.002916258686,nan,nan,nan,8.006653060013,0.12489613231704,nan,nan,30,2,2,30,0.0024537013987223,0.0024537013987223,-6.0101576195092,1,30
0.75,91,-23.262524126092,nan,nan,nan,4.5336313002833,0.22057373742269,nan,nan,30,2,2,1,0.094337950900741,0.094337950900741,-2.3608717217272,1,30
0.75,91,-23.262524126092,nan,nan,nan,4.5336313002833,0.22057373742269,nan,nan,30,2,2,2,0.071658541153396,0.071658541153396,-2.6358429252054,1,30
0.75,91,-23.262524126092,nan,nan,nan,4.5336313002833,0.22057373742269,nan,nan,30,2,2,3,0.053839630484695,0.053839630484695,-2.9217454568807,1,30
0.75,91,-23.262524126092,nan,nan,nan,4.5336313002833,0.22057373742269,nan,nan,30,2,2,4,0.040778970270109,0.040778970270109,-3.1995887650102,1,30
0.75,91,-23.262524126092,nan,nan,nan,4.5336313002833,0.22057373742269,nan,nan,30,2,2,5,0.031238354190538,0.031238354190538,-3.4661086381597,1,30
0.75,91,-23.262524126092,nan,nan,nan,4.5336313002833,0.22057373742269,nan,nan,30,2,2,6,0.024178860848304,0.024178860848304,-3.7222765462244,1,30
0.75,91,-23.262524126092,nan,nan,nan,4.5336313002833,0.22057373742269,nan,nan,30,2,2,7,0.018876159663669,0.018876159663669,-3.9698555465996,1,30
0.75,91,-23.262524126092,nan,nan,nan,4.5336313002833,0.22057373742269,nan,nan,30,2,2,8,0.014839641918639,0.014839641918639,-4.2104531710058,1,30
0.75,91,-23.262524126092,nan,nan,nan,4.5336313002833,0.22057373742269,nan,nan,30,2,2,9,0.011732868648295,0.011732868648295,-4.445361089669,1,30
0.75,91,-23.262524126092,nan,nan,nan,4.5336313002833,0.22057373742269,nan,nan,30,2,2,10,0.0093201096770412,0.0093201096770412,-4.675580882431,1,30
0.75,91,-23.262524126092,nan,nan,nan,4.5336313002833,0.22057373742269,nan,nan,30,2,2,11,0.0074325717825581,0.0074325717825581,-4.9018833452095,1,30
0.75,91,-23.262524126092,nan,nan,nan,4.5336313002833,0.22057373742269,nan,nan,30,2,2,12,0.0059470113567324,0.0059470113567324,-5.1248664786021,1,30
0.75,91,-23.262524126092,nan,nan,nan,4.5336313002833,0.22057373742269,nan,nan,30,2,2,13,0.0047719369677082,0.0047719369677082,-5.3450029836124,1,30
0.75,91,-23.262524126092,nan,nan,nan,4.5336313002833,0.22057373742269,nan,nan,30,2,2,14,0.0038384922633734,0.0038384922633734,-5.5626756292322,1,30
0.75,91,-23.262524126092,nan,nan,nan,4.5336313002833,0.22057373742269,nan,nan,30,2,2,15,0.0030942738469765,0.0030942738469765,-5.7782020217058,1,30
0.75,91,-23.262524126092,nan,nan,nan,4.5336313002833,0.22057373742269,nan,nan,30,2,2,16,0.0024990332310747,0.0024990332310747,-5.9918513294688,1,30
0.75,91,-23.262524126092,nan,nan,nan,4.5336313002833,0.22057373742269,nan,nan,30,2,2,17,0.0020216214164963,0.0020216214164963,-6.2038554081117,1,30
0.75,91,-23.262524126092,nan,nan,nan,4.5336313002833,0.22057373742269,nan,nan,30,2,2,18,0.0016377756985105,0.0016377756985105,-6.4144162391242,1,30
0.75,91,-23.262524126092,nan,nan,nan,4.5336313002833,0.22057373742269,nan,nan,30,2,2,19,0.0013284917159301,0.0013284917159301,-6.6237110284405,1,30
0.75,91,-23.262524126092,nan,nan,nan,4.5336313002833,0.22057373742269,nan,nan,30,2,2,20,0.0010788109132944,0.0010788109132944,-6.8318958506075,1,30
0.75,91,-23.262524126092,nan,nan,nan,4.5336313002833,0.22057373742269,nan,nan,30,2,2,21,0.00087690806899701,0.00087690806899701,-7.0391083954913,1,30
0.75,91,-23.262524126092,nan,nan,nan,4.5336313002833,0.22057373742269,nan,nan,30,2,2,22,0.0007133986655567,0.0007133986655567,-7.2454701555813,1,30
0.75,91,-23.262524126092,nan,nan,nan,4.5336313002833,0.22057373742269,nan,nan,30,2,2,23,0.0005808092005476,0.0005808092005476,-7.4510882534159,1,30
0.75,91,-23.262524126092,nan,nan,nan,4.5336313002833,0.22057373742269,nan,nan,30,2,2,24,0.00047316943312074,0.00047316943312074,-7.6560570240565,1,30
0.75,91,-23.262524126092,nan,nan,nan,4.5336313002833,0.22057373742269,nan,nan,30,2,2,25,0.00038569663486666,0.00038569663486666,-7.8604594175311,1,30
0.75,91,-23.262524126092,nan,nan,nan,4.5336313002833,0.22057373742269,nan,nan,30,2,2,26,0.00031454976536008,0.00031454976536008,-8.0643682579028,1,30
0.75,91,-23.262524126092,nan,nan,nan,4.5336313002833,0.22057373742269,nan,nan,30,2,2,27,0.00025663713934465,0.00025663713934465,-8.2678473799168,1,30
0.75,91,-23.262524126092,nan,nan,nan,4.5336313002833,0.22057373742269,nan,nan,30,2,2,28,0.00020946525989107,0.00020946525989107,-8.4709526562614,1,30
0.75,91,-23.262524126092,nan,nan,nan,4.5336313002833,0.22057373742269,nan,nan,30,2,2,29,0.0001710195082877,0.0001710195082877,-8.6737329244148,1,30
0.75,91,-23.262524126092,nan,nan,nan,4.5336313002833,0.22057373742269,nan,nan,30,2,2,30,0.00013966961452077,0.00013966961452077,-8.876230820579,1,30
0.8,91,-17.997050613306,nan,nan,nan,2.9146036332918,0.34309982619166,nan,nan,30,2,2,1,0.08696237865689,0.08696237865689,-2.4422796830832,1,30
0.8,91,-17.997050613306,nan,nan,nan,2.9146036332918,0.34309982619166,nan,nan,30,2,2,2,0.057941684052744,0.057941684052744,-2.8483182216035,1,30
0.8,91,-17.997050613306,nan,nan,nan,2.9146036332918,0.34309982619166,nan,nan,30,2,2,3,0.038208263781303,0.038208263781303,-3.2647034574119,1,30
0.8,91,-17.997050613306,nan,nan,nan,2.9146036332918,0.34309982619166,nan,nan,30,2,2,4,0.025487074279633,0.025487074279633,-3.6695838463252,1,30
0.8,91,-17.997050613306,nan,nan,nan,2.9146036332918,0.34309982619166,nan,nan,30,2,2,5,0.017240558954774,0.017240558954774,-4.0604905923015,1,30
0.8,91,-17.997050613306,nan,nan,nan,2.9146036332918,0.34309982619166,nan,nan,30,2,2,6,0.011803015540747,0.011803015540747,-4.4394002258583,1,30
0.8,91,-17.997050613306,nan,nan,nan,2.9146036332918,0.34309982619166,nan,nan,30,2,2,7,0.0081587091938684,0.0081587091938684,-4.8086693095449,1,30
0.8,91,-17.997050613306,nan,nan,nan,2.9146036332918,0.34309982619166,nan,nan,30,2,2,8,0.0056832030557771,0.0056832030557771,-5.1702402869206,1,30
0.8,91,-17.997050613306,nan,nan,nan,2.9146036332918,0.34309982619166,nan,nan,30,2,2,9,0.0039833773789381,0.0039833773789381,-5.5256252318599,1,30
0.8,91,-17.997050613306,nan,nan,nan,2.9146036332918,0.34309982619166,nan,nan,30,2,2,10,0.002805978550228,0.002805978550228,-5.8760029415834,1,30
0.8,91,-17.997050613306,nan,nan,nan,2.9146036332918,0.34309982619166,nan,nan,30,2,2,11,0.001984662411892,0.001984662411892,-6.2223064488823,1,30
0.8,91,-17.997050613306,nan,nan,nan,2.9146036332918,0.34309982619166,nan,nan,30,2,2,12,0.001408420832506,0.001408420832506,-6.565286179181,1,30
0.8,91,-17.997050613306,nan,nan,nan,2.9146036332918,0.34309982619166,nan,nan,30,2,2,13,0.0010022047940052,0.0010022047940052,-6.9055529119685,1,30
0.8,91,-17.997050613306,nan,nan,nan,2.9146036332918,0.34309982619166,nan,nan,30,2,2,14,0.0007147289992266,0.0007147289992266,-7.243607109178,1,30
0.8,91,-17.997050613306,nan,nan,nan,2.9146036332918,0.34309982619166,nan,nan,30,2,2,15,0.00051063279157,0.00051063279157,-7.5798598335778,1,30
0.8,91,-17.997050613306,nan,nan,nan,2.9146036332918,0.34309982619166,nan,nan,30,2,2,16,0.00036535225573645,0.00036535225573645,-7.9146485855667,1,30
0.8,91,-17.997050613306,nan,nan,nan,2.9146036332918,0.34309982619166,nan,nan,30,2,2,17,0.00026171617763879,0.00026171617763879,-8.2482499328425,1,30
0.8,91,-17.997050613306,nan,nan,nan,2.9146036332918,0.34309982619166,nan,nan,30,2,2,18,0.00018765790171764,0.00018765790171764,-8.5808899244627,1,30
0.8,91,-17.997050613306,nan,nan,nan,2.9146036332918,0.34309982619166,nan,nan,30,2,2,19,0.00013466062741801,0.00013466062741801,-8.9127528155827,1,30
0.8,91,-17.997050613306,nan,nan,nan,2.9146036332918,0.34309982619166,nan,nan,30,2,2,20,9.6691176333462e-05,9.6691176333462e-05,-9.2439884075126,1,30
0.8,91,-17.997050613306,nan,nan,nan,2.9146036332918,0.34309982619166,nan,nan,30,2,2,21,6.9462868828851e-05,6.9462868828851e-05,-9.5747182096174,1,30
0.8,91,-17.997050613306,nan,nan,nan,2.9146036332918,0.34309982619166,nan,nan,30,2,2,22,4.9922408568955e-05,4.9922408568955e-05,-9.9050405864902,1,30
0.8,91,-17.997050613306,nan,nan,nan,2.9146036332918,0.34309982619166,nan,nan,30,2,2,23,3.58906036777e-05,3.58906036777e-05,-10.235035032726,1,30
0.8,91,-17.997050613306,nan,nan,nan,2.9146036332918,0.34309982619166,nan,nan,30,2,2,24,2.5809557133241e-05,2.5809557133241e-05,-10.564765703109,1,30
0.8,91,-17.997050613306,nan,nan,nan,2.9146036332918,0.34309982619166,nan,nan,30,2,2,25,1.8564037563823e-05,1.8564037563823e-05,-10.894284313111,1,30
0.8,91,-17.997050613306,nan,nan,nan,2.9146036332918,0.34309982619166,nan,nan,30,2,2,26,1.3354829054333e-05,1.3354829054333e-05,-11.223632511609,1,30
0.8,91,-17.997050613306,nan,nan,nan,2.9146036332918,0.34309982619166,nan,nan,30,2,2,27,9.6086789099739e-06,9.6086789099739e-06,-11.552843814778,1,30
0.8,91,-17.997050613306,nan,nan,nan,2.9146036332918,0.34309982619166,nan,nan,30,2,2,28,6.9141178088037e-06,6.9141178088037e-06,-11.881945177443,1,30
0.8,91,-17.997050613306,nan,nan,nan,2.9146036332918,0.34309982619166,nan,nan,30,2,2,29,4.9756314700991e-06,4.9756314700991e-06,-12.210958266745,1,30
0.8,91,-17.997050613306,nan,nan,nan,2.9146036332918,0.34309982619166,nan,nan,30,2,2,30,3.5808853187043e-06,3.5808853187043e-06,-12.539900492397,1,30
0.85,91,-13.91535541812,nan,nan,nan,2.0659398936508,0.48404118777766,nan,nan,30,2,2,1,0.079058865227768,0.079058865227768,-2.5375625745208,1,30
0.85,91,-13.91535541812,nan,nan,nan,2.0659398936508,0.48404118777766,nan,nan,30,2,2,2,0.045395357575589,0.045395357575589,-3.0923454352076,1,30
0.85,91,-13.91535541812,nan,nan,nan,2.0659398936508,0.48404118777766,nan,nan,30,2,2,3,0.025875514110779,0.025875514110779,-3.6544581585784,1,30
0.85,91,-13.91535541812,nan,nan,nan,2.0659398936508,0.48404118777766,nan,nan,30,2,2,4,0.014975781050096,0.014975781050096,-4.2013209794061,1,30
0.85,91,-13.91535541812,nan,nan,nan,2.0659398936508,0.48404118777766,nan,nan,30,2,2,5,0.0088097345722904,0.0088097345722904,-4.7318979674913,1,30
0.85,91,-13.91535541812,nan,nan,nan,2.0659398936508,0.48404118777766,nan,nan,30,2,2,6,0.0052520730254051,0.0052520730254051,-5.2491324183342,1,30
0.85,91,-13.91535541812,nan,nan,nan,2.0659398936508,0.48404118777766,nan,nan,30,2,2,7,0.0031639453746362,0.0031639453746362,-5.7559354938793,1,30
0.85,91,-13.91535541812,nan,nan,nan,2.0659398936508,0.48404118777766,nan,nan,30,2,2,8,0.0019215714156197,0.0019215714156197,-6.2546119820512,1,30
0.85,91,-13.91535541812,nan,nan,nan,2.0659398936508,0.48404118777766,nan,nan,30,2,2,9,0.0011744017878143,0.0011744017878143,-6.7469963777837,1,30
0.85,91,-13.91535541812,nan,nan,nan,2.0659398936508,0.48404118777766,nan,nan,30,2,2,10,0.00072122376930763,0.00072122376930763,-7.2345611091809,1,30
0.85,91,-13.91535541812,nan,nan,nan,2.0659398936508,0.48404118777766,nan,nan,30,2,2,11,0.00044453863769189,0.00044453863769189,-7.7184735828467,1,30
0.85,91,-13.91535541812,nan,nan,nan,2.0659398936508,0.48404118777766,nan,nan,30,2,2,12,0.00027475179625279,0.00027475179625279,-8.1996424269301,1,30
0.85,91,-13.91535541812,nan,nan,nan,2.0659398936508,0.48404118777766,nan,nan,30,2,2,13,0.00017016138620776,0.00017016138620776,-8.6787632406094,1,30
0.85,91,-13.91535541812,nan,nan,nan,2.0659398936508,0.48404118777766,nan,nan,30,2,2,14,0.00010554623379355,0.00010554623379355,-9.1563614660351,1,30
0.85,91,-13.91535541812,nan,nan,nan,2.0659398936508,0.48404118777766,nan,nan,30,2,2,15,6.5541348046866e-05,6.5541348046866e-05,-9.6328293465978,1,30
0.85,91,-13.91535541812,nan,nan,nan,2.0659398936508,0.48404118777766,nan,nan,30,2,2,16,4.0733461132784e-05,4.0733461132784e-05,-10.108460662434,1,30
0.85,91,-13.91535541812,nan,nan,nan,2.0659398936508,0.48404118777766,nan,nan,30,2,2,17,2.5331543748146e-05,2.5331543748146e-05,-10.583460150362,1,30
0.85,91,-13.91535541812,nan,nan,nan,2.0659398936508,0.48404118777766,nan,nan,30,2,2,18,1.5760886545774e-05,1.5760886545774e-05,-11.057979222212,1,30
0.85,91,-13.91535541812,nan,nan,nan,2.0659398936508,0.48404118777766,nan,nan,30,2,2,19,9.8095367116249e-06,9.8095367116249e-06,-11.532155511636,1,30
0.85,91,-13.91535541812,nan,nan,nan,2.0659398936508,0.48404118777766,nan,nan,30,2,2,20,6.1068484865085e-06,6.1068484865085e-06,-12.006099713838,1,30
0.85,91,-13.91535541812,nan,nan,nan,2.0659398936508,0.48404118777766,nan,nan,30,2,2,21,3.8023598777478e-06,3.8023598777478e-06,-12.479888663525,1,30
0.85,91,-13.91535541812,nan,nan,nan,2.0659398936508,0.48404118777766,nan,nan,30,2,2,22,2.3677443293987e-06,2.3677443293987e-06,-12.953572815776,1,30
0.85,91,-13.91535541812,nan,nan,nan,2.0659398936508,0.48404118777766,nan,nan,30,2,2,23,1.4745083240652e-06,1.4745083240652e-06,-13.427185963359,1,30
0.85,91,-13.91535541812,nan,nan,nan,2.0659398936508,0.48404118777766,nan,nan,30,2,2,24,9.1829028867919e-07,9.1829028867919e-07,-13.900752277708,1,30
0.85,91,-13.91535541812,nan,nan,nan,2.0659398936508,0.48404118777766,nan,nan,30,2,2,25,5.7190854810118e-07,5.7190854810118e-07,-14.374286739291,1,30
0.85,91,-13.91535541812,nan,nan,nan,2.0659398936508,0.48404118777766,nan,nan,30,2,2,26,3.5618147356082e-07,3.5618147356082e-07,-14.847825478783,1,30
0.85,91,-13.91535541812,nan,nan,nan,2.0659398936508,0.48404118777766,nan,nan,30,2,2,27,2.2182662216911e-07,2.2182662216911e-07,-15.321369741419,1,30
0.85,91,-13.91535541812,nan,nan,nan,2.0659398936508,0.48404118777766,nan,nan,30,2,2,28,1.3815421059132e-07,1.3815421059132e-07,-15.794895307639,1,30
0.85,91,-13.91535541812,nan,nan,nan,2.0659398936508,0.48404118777766,nan,nan,30,2,2,29,8.6045453795828e-08,8.6045453795828e-08,-16.268390147807,1,30
0.85,91,-13.91535541812,nan,nan,nan,2.0659398936508,0.48404118777766,nan,nan,30,2,2,30,5.3594133503394e-08,5.3594133503394e-08,-16.741826224423,1,30
0.9,91,-10.767806325057,nan,nan,nan,1.5821598313235,0.63204739508742,nan,nan,30,2,2,1,0.071074012305455,0.071074012305455,-2.644033518053,1,30
0.9,91,-10.767806325057,nan,nan,nan,1.5821598313235,0.63204739508742,nan,nan,30,2,2,2,0.034761841680994,0.034761841680994,-3.3592349972211,1,30
0.9,91,-10.767806325057,nan,nan,nan,1.5821598313235,0.63204739508742,nan,nan,30,2,2,3,0.016967531525528,0.016967531525528,-4.0764536713932,1,30
0.9,91,-10.767806325057,nan,nan,nan,1.5821598313235,0.63204739508742,nan,nan,30,2,2,4,0.0084415425577607,0.0084415425577607,-4.774590219567,1,30
0.9,91,-10.767806325057,nan,nan,nan,1.5821598313235,0.63204739508742,nan,nan,30,2,2,5,0.0042774479425477,0.0042774479425477,-5.4543987223368,1,30
0.9,91,-10.767806325057,nan,nan,nan,1.5821598313235,0.63204739508742,nan,nan,30,2,2,6,0.0021987676702134,0.0021987676702134,-6.1198582254634,1,30
0.9,91,-10.767806325057,nan,nan,nan,1.5821598313235,0.63204739508742,nan,nan,30,2,2,7,0.0011427244217254,0.0011427244217254,-6.7743400240916,1,30
0.9,91,-10.767806325057,nan,nan,nan,1.5821598313235,0.63204739508742,nan,nan,30,2,2,8,0.00059890041347649,0.00059890041347649,-7.4204152283009,1,30
0.9,91,-10.767806325057,nan,nan,nan,1.5821598313235,0.63204739508742,nan,nan,30,2,2,9,0.00031589802874425,0.00031589802874425,-8.0600910903015,1,30
0.9,91,-10.767806325057,nan,nan,nan,1.5821598313235,0.63204739508742,nan,nan,30,2,2,10,0.00016743007403617,0.00016743007403617,-8.6949447623042,1,30
0.9,91,-10.767806325057,nan,nan,nan,1.5821598313235,0.63204739508742,nan,nan,30,2,2,11,8.9060011024993e-05,8.9060011024993e-05,-9.3262001342779,1,30
0.9,91,-10.767806325057,nan,nan,nan,1.5821598313235,0.63204739508742,nan,nan,30,2,2,12,4.7499494928721e-05,4.7499494928721e-05,-9.9547914800598,1,30
0.9,91,-10.767806325057,nan,nan,nan,1.5821598313235,0.63204739508742,nan,nan,30,2,2,13,2.5383225639928e-05,2.5383225639928e-05,-10.581422009982,1,30
0.9,91,-10.767806325057,nan,nan,nan,1.5821598313235,0.63204739508742,nan,nan,30,2,2,14,1.3584033696384e-05,1.3584033696384e-05,-11.206615447805,1,30
0.9,91,-10.767806325057,nan,nan,nan,1.5821598313235,0.63204739508742,nan,nan,30,2,2,15,7.2772402057962e-06,7.2772402057962e-06,-11.83075886024,1,30
0.9,91,-10.767806325057,nan,nan,nan,1.5821598313235,0.63204739508742,nan,nan,30,2,2,16,3.9015495020348e-06,3.9015495020348e-06,-12.454136775521,1,30
0.9,91,-10.767806325057,nan,nan,nan,1.5821598313235,0.63204739508742,nan,nan,30,2,2,17,2.0929049499379e-06,2.0929049499379e-06,-13.076957528844,1,30
0.9,91,-10.767806325057,nan,nan,nan,1.5821598313235,0.63204739508742,nan,nan,30,2,2,18,1.1231500617248e-06,1.1231500617248e-06,-13.699373265378,1,30
0.9,91,-10.767806325057,nan,nan,nan,1.5821598313235,0.63204739508742,nan,nan,30,2,2,19,6.0291182772563e-07,6.0291182772563e-07,-14.321494873588,1,30
0.9,91,-10.767806325057,nan,nan,nan,1.5821598313235,0.63204739508742,nan,nan,30,2,2,20,3.2371475688785e-07,3.2371475688785e-07,-14.943403088892,1,30
0.9,91,-10.767806325057,nan,nan,nan,1.5821598313235,0.63204739508742,nan,nan,30,2,2,21,1.7383545595942e-07,1.7383545595942e-07,-15.565156640552,1,30
0.9,91,-10.767806325057,nan,nan,nan,1.5821598313235,0.63204739508742,nan,nan,30,2,2,22,9.3360428137884e-08,9.3360428137884e-08,-16.186798263097,1,30
0.9,91,-10.767806325057,nan,nan,nan,1.5821598313235,0.63204739508742,nan,nan,30,2,2,23,5.0144396843856e-08,5.0144396843856e-08,-16.80835905672,1,30
0.9,91,-10.767806325057,nan,nan,nan,1.5821598313235,0.63204739508742,nan,nan,30,2,2,24,2.6934395870387e-08,2.6934395870387e-08,-17.429861710232,1,30
0.9,91,-10.767806325057,nan,nan,nan,1.5821598313235,0.63204739508742,nan,nan,30,2,2,25,1.4468053709683e-08,1.4468053709683e-08,-18.051322810555,1,30
0.9,91,-10.767806325057,nan,nan,nan,1.5821598313235,0.63204739508742,nan,nan,30,2,2,26,7.7718735758707e-09,7.7718735758707e-09,-18.672754572178,1,30
0.9,91,-10.767806325057,nan,nan,nan,1.5821598313235,0.63204739508742,nan,nan,30,2,2,27,4.1749391757688e-09,4.1749391757688e-09,-19.294166047428,1,30
0.9,91,-10.767806325057,nan,nan,nan,1.5821598313235,0.63204739508742,nan,nan,30,2,2,28,2.2427477267571e-09,2.2427477267571e-09,-19.915564059086,1,30
0.9,91,-10.767806325057,nan,nan,nan,1.5821598313235,0.63204739508742,nan,nan,30,2,2,29,1.2047981382023e-09,1.2047981382023e-09,-20.536953804201,1,30
0.9,91,-10.767806325057,nan,nan,nan,1.5821598313235,0.63204739508742,nan,nan,30,2,2,30,6.4721709697745e-10,6.4721709697745e-10,-21.158339333695,1,30
0.95,91,-8.3488031837531,nan,nan,nan,1.2551889390974,0.79669280763346,nan,nan,30,2,2,1,0.063324539036783,0.063324539036783,-2.7594823624453,1,30
0.95,91,-8.3488031837531,nan,nan,nan,1.2551889390974,0.79669280763346,nan,nan,30,2,2,2,0.026198863967245,0.026198863967245,-3.642039229184,1,30
0.95,91,-8.3488031837531,nan,nan,nan,1.2551889390974,0.79669280763346,nan,nan,30,2,2,3,0.010894323502394,0.010894323502394,-4.5195134049967,1,30
0.95,91,-8.3488031837531,nan,nan,nan,1.2551889390974,0.79669280763346,nan,nan,30,2,2,4,0.0046349892918815,0.0046349892918815,-5.3741213902407,1,30
0.95,91,-8.3488031837531,nan,nan,nan,1.2551889390974,0.79669280763346,nan,nan,30,2,2,5,0.0020116721765832,0.0020116721765832,-6.2087889741236,1,30
0.95,91,-8.3488031837531,nan,nan,nan,1.2551889390974,0.79669280763346,nan,nan,30,2,2,6,0.00088633393274099,0.00088633393274099,-7.0284167791117,1,30
0.95,91,-8.3488031837531,nan,nan,nan,1.2551889390974,0.79669280763346,nan,nan,30,2,2,7,0.00039460772773887,0.00039460772773887,-7.83761838084,1,30
0.95,91,-8.3488031837531,nan,nan,nan,1.2551889390974,0.79669280763346,nan,nan,30,2,2,8,0.00017690239261118,0.00017690239261118,-8.6399124316714,1,30
0.95,91,-8.3488031837531,nan,nan,nan,1.2551889390974,0.79669280763346,nan,nan,30,2,2,9,7.9660716378419e-05,7.9660716378419e-05,-9.4377339873009,1,30
0.95,91,-8.3488031837531,nan,nan,nan,1.2551889390974,0.79669280763346,nan,nan,30,2,2,10,3.5974713024935e-05,3.5974713024935e-05,-10.232694282292,1,30
0.95,91,-8.3488031837531,nan,nan,nan,1.2551889390974,0.79669280763346,nan,nan,30,2,2,11,1.6275716110686e-05,1.6275716110686e-05,-11.025836370181,1,30
0.95,91,-8.3488031837531,nan,nan,nan,1.2551889390974,0.79669280763346,nan,nan,30,2,2,12,7.3719546099133e-06,7.3719546099133e-06,-11.817827675268,1,30
0.95,91,-8.3488031837531,nan,nan,nan,1.2551889390974,0.79669280763346,nan,nan,30,2,2,13,3.3414944350875e-06,3.3414944350875e-06,-12.60909241539,1,30
0.95,91,-8.3488031837531,nan,nan,nan,1.2551889390974,0.79669280763346,nan,nan,30,2,2,14,1.515296947399e-06,1.515296947399e-06,-13.399899133326,1,30
0.95,91,-8.3488031837531,nan,nan,nan,1.2551889390974,0.79669280763346,nan,nan,30,2,2,15,6.8735331055921e-07,6.8735331055921e-07,-14.190417396631,1,30
0.95,91,-8.3488031837531,nan,nan,nan,1.2551889390974,0.79669280763346,nan,nan,30,2,2,16,3.118467028119e-07,3.118467028119e-07,-14.980754107024,1,30
0.95,91,-8.3488031837531,nan,nan,nan,1.2551889390974,0.79669280763346,nan,nan,30,2,2,17,1.4149851816102e-07,1.4149851816102e-07,-15.770976592278,1,30
0.95,91,-8.3488031837531,nan,nan,nan,1.2551889390974,0.79669280763346,nan,nan,30,2,2,18,6.4208693060543e-08,6.4208693060543e-08,-16.56112722949,1,30
0.95,91,-8.3488031837531,nan,nan,nan,1.2551889390974,0.79669280763346,nan,nan,30,2,2,19,2.9137708383985e-08,2.9137708383985e-08,-17.351232680865,1,30
0.95,91,-8.3488031837531,nan,nan,nan,1.2551889390974,0.79669280763346,nan,nan,30,2,2,20,1.3222978607198e-08,1.3222978607198e-08,-18.141309717221,1,30
0.95,91,-8.3488031837531,nan,nan,nan,1.2551889390974,0.79669280763346,nan,nan,30,2,2,21,6.0008249476309e-09,6.0008249476309e-09,-18.931368885898,1,30
0.95,91,-8.3488031837531,nan,nan,nan,1.2551889390974,0.79669280763346,nan,nan,30,2,2,22,2.7233126281601e-09,2.7233126281601e-09,-19.72141681965,1,30
0.95,91,-8.3488031837531,nan,nan,nan,1.2551889390974,0.79669280763346,nan,nan,30,2,2,23,1.2359107500623e-09,1.2359107500623e-09,-20.511457689206,1,30
0.95,91,-8.3488031837531,nan,nan,nan,1.2551889390974,0.79669280763346,nan,nan,30,2,2,24,5.608912289146e-10,5.608912289146e-10,-21.301494117057,1,30
0.95,91,-8.3488031837531,nan,nan,nan,1.2551889390974,0.79669280763346,nan,nan,30,2,2,25,2.5454900303319e-10,2.5454900303319e-10,-22.091527752173,1,30
0.95,91,-8.3488031837531,nan,nan,nan,1.2551889390974,0.79669280763346,nan,nan,30,2,2,26,1.1552205736275e-10,1.1552205736275e-10,-22.881559631362,1,30
0.95,91,-8.3488031837531,nan,nan,nan,1.2551889390974,0.79669280763346,nan,nan,30,2,2,27,5.2427470986724e-11,5.2427470986724e-11,-23.671590406504,1,30
0.95,91,-8.3488031837531,nan,nan,nan,1.2551889390974,0.79669280763346,nan,nan,30,2,2,28,2.3793219103424e-11,2.3793219103424e-11,-24.461620487467,1,30
0.95,91,-8.3488031837531,nan,nan,nan,1.2551889390974,0.79669280763346,nan,nan,30,2,2,29,1.0798108543455e-11,1.0798108543455e-11,-25.251650132002,1,30
0.95,91,-8.3488031837531,nan,nan,nan,1.2551889390974,0.79669280763346,nan,nan,30,2,2,30,4.9005214302299e-12,4.9005214302299e-12,-26.041679502141,1,30
1,91,-6.4931482117073,nan,nan,nan,1.0428050284057,0.95895203107037,nan,nan,30,2,2,1,0.056026384126685,0.056026384126685,-2.8819325540816,1,30
1,91,-6.4931482117073,nan,nan,nan,1.0428050284057,0.95895203107037,nan,nan,30,2,2,2,0.019544426782161,0.019544426782161,-3.9350651082737,1,30
1,91,-6.4931482117073,nan,nan,nan,1.0428050284057,0.95895203107037,nan,nan,30,2,2,3,0.0069092637470663,0.0069092637470663,-4.9748921957843,1,30
1,91,-6.4931482117073,nan,nan,nan,1.0428050284057,0.95895203107037,nan,nan,30,2,2,4,0.0025077708004592,0.0025077708004592,-5.9883610477643,1,30
1,91,-6.4931482117073,nan,nan,nan,1.0428050284057,0.95895203107037,nan,nan,30,2,2,5,0.00092952571232115,0.00092952571232115,-6.9808360886559,1,30
1,91,-6.4931482117073,nan,nan,nan,1.0428050284057,0.95895203107037,nan,nan,30,2,2,6,0.00034961296582335,0.00034961296582335,-7.9586838272752,1,30
1,91,-6.4931482117073,nan,nan,nan,1.0428050284057,0.95895203107037,nan,nan,30,2,2,7,0.00013275167320723,0.00013275167320723,-8.927030293724,1,30
1,91,-6.4931482117073,nan,nan,nan,1.0428050284057,0.95895203107037,nan,nan,30,2,2,8,5.0707956237345e-05,5.0707956237345e-05,-9.8894277319207,1,30
1,91,-6.4931482117073,nan,nan,nan,1.0428050284057,0.95895203107037,nan,nan,30,2,2,9,1.9440178578476e-05,1.9440178578476e-05,-10.848168572839,1,30
1,91,-6.4931482117073,nan,nan,nan,1.0428050284057,0.95895203107037,nan,nan,30,2,2,10,7.4694952146448e-06,7.4694952146448e-06,-11.804683136117,1,30
1,91,-6.4931482117073,nan,nan,nan,1.0428050284057,0.95895203107037,nan,nan,30,2,2,11,2.8738751227468e-06,2.8738751227468e-06,-12.759849221931,1,30
1,91,-6.4931482117073,nan,nan,nan,1.0428050284057,0.95895203107037,nan,nan,30,2,2,12,1.1066192396041e-06,1.1066192396041e-06,-13.714200920402,1,30
1,91,-6.4931482117073,nan,nan,nan,1.0428050284057,0.95895203107037,nan,nan,30,2,2,13,4.2632595189612e-07,4.2632595189612e-07,-14.668061637955,1,30
1,91,-6.4931482117073,nan,nan,nan,1.0428050284057,0.95895203107037,nan,nan,30,2,2,14,1.6429098889804e-07,1.6429098889804e-07,-15.621626658824,1,30
1,91,-6.4931482117073,nan,nan,nan,1.0428050284057,0.95895203107037,nan,nan,30,2,2,15,6.3323222819936e-08,6.3323222819936e-08,-16.575013705883,1,30
1,91,-6.4931482117073,nan,nan,nan,1.0428050284057,0.95895203107037,nan,nan,30,2,2,16,2.4409494176082e-08,2.4409494176082e-08,-17.528293674752,1,30
1,91,-6.4931482117073,nan,nan,nan,1.0428050284057,0.95895203107037,nan,nan,30,2,2,17,9.4098461377169e-09,9.4098461377169e-09,-18.481509234416,1,30
1,91,-6.4931482117073,nan,nan,nan,1.0428050284057,0.95895203107037,nan,nan,30,2,2,18,3.6276308636288e-09,3.6276308636288e-09,-19.434686056389,1,30
1,91,-6.4931482117073,nan,nan,nan,1.0428050284057,0.95895203107037,nan,nan,30,2,2,19,1.3985363910079e-09,1.3985363910079e-09,-20.387839582168,1,30
1,91,-6.4931482117073,nan,nan,nan,1.0428050284057,0.95895203107037,nan,nan,30,2,2,20,5.3917598328222e-10,5.3917598328222e-10,-21.340979098713,1,30
1,91,-6.4931482117073,nan,nan,nan,1.0428050284057,0.95895203107037,nan,nan,30,2,2,21,2.0786959269769e-10,2.0786959269769e-10,-22.294110191032,1,30
1,91,-6.4931482117073,nan,nan,nan,1.0428050284057,0.95895203107037,nan,nan,30,2,2,22,8.0140784819948e-11,8.0140784819948e-11,-23.247236217657,1,30
1,91,-6.4931482117073,nan,nan,nan,1.0428050284057,0.95895203107037,nan,nan,30,2,2,23,3.0897087310996e-11,3.0897087310996e-11,-24.200359198248,1,30
1,91,-6.4931482117073,nan,nan,nan,1.0428050284057,0.95895203107037,nan,nan,30,2,2,24,1.1911934166981e-11,1.1911934166981e-11,-25.153480347176,1,30
1,91,-6.4931482117073,nan,nan,nan,1.0428050284057,0.95895203107037,nan,nan,30,2,2,25,4.5924824704371e-12,4.5924824704371e-12,-26.106600394827,1,30
1,91,-6.4931482117073,nan,nan,nan,1.0428050284057,0.95895203107037,nan,nan,30,2,2,26,1.7705696585701e-12,1.7705696585701e-12,-27.059719780122,1,30
1,91,-6.4931482117073,nan,nan,nan,1.0428050284057,0.95895203107037,nan,nan,30,2,2,27,6.8261951666808e-13,6.8261951666808e-13,-28.012838767185,1,30
1,91,-6.4931482117073,nan,nan,nan,1.0428050284057,0.95895203107037,nan,nan,30,2,2,28,2.6317491314588e-13,2.6317491314588e-13,-28.965957514798,1,30
1,91,-6.4931482117073,nan,nan,nan,1.0428050284057,0.95895203107037,nan,nan,30,2,2,29,1.0146361654173e-13,1.0146361654173e-13,-29.919076118407,1,30
1,91,-6.4931482117073,nan,nan,nan,1.0428050284057,0.95895203107037,nan,nan,30,2,2,30,3.9117962459926e-14,3.9117962459926e-14,-30.872194635458,1,30
1.05,91,-5.0702370555146,nan,nan,nan,0.89178761032637,1.1213432306309,nan,nan,30,2,2,1,0.049314026150164,0.049314026150164,-3.0095467323091,1,30
1.05,91,-5.0702370555146,nan,nan,nan,0.89178761032637,1.1213432306309,nan,nan,30,2,2,2,0.014499324287844,0.014499324287844,-4.2336532314798,1,30
1.05,91,-5.0702370555146,nan,nan,nan,0.89178761032637,1.1213432306309,nan,nan,30,2,2,3,0.0043578372866605,0.0043578372866605,-5.4357793798569,1,30
1.05,91,-5.0702370555146,nan,nan,nan,0.89178761032637,1.1213432306309,nan,nan,30,2,2,4,0.001349137947441,0.001349137947441,-6.6082894479475,1,30
1.05,91,-5.0702370555146,nan,nan,nan,0.89178761032637,1.1213432306309,nan,nan,30,2,2,5,0.00042687980907388,0.00042687980907388,-7.7590080619366,1,30
1.05,91,-5.0702370555146,nan,nan,nan,0.89178761032637,1.1213432306309,nan,nan,30,2,2,6,0.00013702523318454,0.00013702523318454,-8.8953454652671,1,30
1.05,91,-5.0702370555146,nan,nan,nan,0.89178761032637,1.1213432306309,nan,nan,30,2,2,7,4.4379345621697e-05,4.4379345621697e-05,-10.02273638546,1,30
1.05,91,-5.0702370555146,nan,nan,nan,0.89178761032637,1.1213432306309,nan,nan,30,2,2,8,1.4451240528071e-05,1.4451240528071e-05,-11.144730297397,1,30
1.05,91,-5.0702370555146,nan,nan,nan,0.89178761032637,1.1213432306309,nan,nan,30,2,2,9,4.7208661458387e-06,4.7208661458387e-06,-12.263518269728,1,30
1.05,91,-5.0702370555146,nan,nan,nan,0.89178761032637,1.1213432306309,nan,nan,30,2,2,10,1.5451077737809e-06,1.5451077737809e-06,-13.380416893555,1,30
1.05,91,-5.0702370555146,nan,nan,nan,0.89178761032637,1.1213432306309,nan,nan,30,2,2,11,5.0626436979685e-07,5.0626436979685e-07,-14.496206834145,1,30
1.05,91,-5.0702370555146,nan,nan,nan,0.89178761032637,1.1213432306309,nan,nan,30,2,2,12,1.6598842833573e-07,1.6598842833573e-07,-15.611347759841,1,30
1.05,91,-5.0702370555146,nan,nan,nan,0.89178761032637,1.1213432306309,nan,nan,30,2,2,13,5.4443123498765e-08,5.4443123498765e-08,-16.72610928574,1,30
1.05,91,-5.0702370555146,nan,nan,nan,0.89178761032637,1.1213432306309,nan,nan,30,2,2,14,1.7860947651997e-08,1.7860947651997e-08,-17.840649202883,1,30
1.05,91,-5.0702370555146,nan,nan,nan,0.89178761032637,1.1213432306309,nan,nan,30,2,2,15,5.8603310665257e-09,5.8603310665257e-09,-18.955059738959,1,30
1.05,91,-5.0702370555146,nan,nan,nan,0.89178761032637,1.1213432306309,nan,nan,30,2,2,16,1.9229704060698e-09,1.9229704060698e-09,-20.069394759917,1,30
1.05,91,-5.0702370555146,nan,nan,nan,0.89178761032637,1.1213432306309,nan,nan,30,2,2,17,6.3101864054858e-10,6.3101864054858e-10,-21.183685712542,1,30
1.05,91,-5.0702370555146,nan,nan,nan,0.89178761032637,1.1213432306309,nan,nan,30,2,2,18,2.0707274678536e-10,2.0707274678536e-10,-22.297950950656,1,30
1.05,91,-5.0702370555146,nan,nan,nan,0.89178761032637,1.1213432306309,nan,nan,30,2,2,19,6.7953247443288e-11,6.7953247443288e-11,-23.412201184814,1,30
1.05,91,-5.0702370555146,nan,nan,nan,0.89178761032637,1.1213432306309,nan,nan,30,2,2,20,2.2299816532726e-11,2.2299816532726e-11,-24.526442664728,1,30
1.05,91,-5.0702370555146,nan,nan,nan,0.89178761032637,1.1213432306309,nan,nan,30,2,2,21,7.3180366807488e-12,7.3180366807488e-12,-25.640679036943,1,30
1.05,91,-5.0702370555146,nan,nan,nan,0.89178761032637,1.1213432306309,nan,nan,30,2,2,22,2.4015363703266e-12,2.4015363703266e-12,-26.754912429083,1,30
1.05,91,-5.0702370555146,nan,nan,nan,0.89178761032637,1.1213432306309,nan,nan,30,2,2,23,7.8810577445263e-13,7.8810577445263e-13,-27.869144082522,1,30
1.05,91,-5.0702370555146,nan,nan,nan,0.89178761032637,1.1213432306309,nan,nan,30,2,2,24,2.5863082878109e-13,2.5863082878109e-13,-28.983374721521,1,30
1.05,91,-5.0702370555146,nan,nan,nan,0.89178761032637,1.1213432306309,nan,nan,30,2,2,25,8.4874324428294e-14,8.4874324428294e-14,-30.097604768671,1,30
1.05,91,-5.0702370555146,nan,nan,nan,0.89178761032637,1.1213432306309,nan,nan,30,2,2,26,2.785303464657e-14,2.785303464657e-14,-31.211834470503,1,30
1.05,91,-5.0702370555146,nan,nan,nan,0.89178761032637,1.1213432306309,nan,nan,30,2,2,27,9.1404756447328e-15,9.1404756447328e-15,-32.326063970894,1,30
1.05,91,-5.0702370555146,nan,nan,nan,0.89178761032637,1.1213432306309,nan,nan,30,2,2,28,2.9996122825005e-15,2.9996122825005e-15,-33.440293353761,1,30
1.05,91,-5.0702370555146,nan,nan,nan,0.89178761032637,1.1213432306309,nan,nan,30,2,2,29,9.843770512943e-16,9.843770512943e-16,-34.554522668026,1,30
1.05,91,-5.0702370555146,nan,nan,nan,0.89178761032637,1.1213432306309,nan,nan,30,2,2,30,3.2304115553736e-16,3.2304115553736e-16,-35.668751942263,1,30
1.1,91,-3.9780991522828,nan,nan,nan,0.78199723995931,1.2787768919134,nan,nan,30,2,2,1,0.043255132923187,0.043255132923187,-3.1406393723413,1,30
1.1,91,-3.9780991522828,nan,nan,nan,0.78199723995931,1.2787768919134,nan,nan,30,2,2,2,0.010736797560999,0.010736797560999,-4.5340784130435,1,30
1.1,91,-3.9780991522828,nan,nan,nan,0.78199723995931,1.2787768919134,nan,nan,30,2,2,3,0.0027476914007828,0.0027476914007828,-5.8969942104977,1,30
1.1,91,-3.9780991522828,nan,nan,nan,0.78199723995931,1.2787768919134,nan,nan,30,2,2,4,0.00072638998426644,0.00072638998426644,-7.2274235189517,1,30
1.1,91,-3.9780991522828,nan,nan,nan,0.78199723995931,1.2787768919134,nan,nan,30,2,2,5,0.00019648323869325,0.00019648323869325,-8.5349334295642,1,30
1.1,91,-3.9780991522828,nan,nan,nan,0.78199723995931,1.2787768919134,nan,nan,30,2,2,6,5.3949276844798e-05,5.3949276844798e-05,-9.8274662705242,1,30
1.1,91,-3.9780991522828,nan,nan,nan,0.78199723995931,1.2787768919134,nan,nan,30,2,2,7,1.4951853287831e-05,1.4951853287831e-05,-11.110675300069,1,30
1.1,91,-3.9780991522828,nan,nan,nan,0.78199723995931,1.2787768919134,nan,nan,30,2,2,8,4.1673285152709e-06,4.1673285152709e-06,-12.388235371273,1,30
1.1,91,-3.9780991522828,nan,nan,nan,0.78199723995931,1.2787768919134,nan,nan,30,2,2,9,1.1654280351447e-06,1.1654280351447e-06,-13.662422126285,1,30
1.1,91,-3.9780991522828,nan,nan,nan,0.78199723995931,1.2787768919134,nan,nan,30,2,2,10,3.265736733836e-07,3.265736733836e-07,-14.934610267793,1,30
1.1,91,-3.9780991522828,nan,nan,nan,0.78199723995931,1.2787768919134,nan,nan,30,2,2,11,9.1619701720912e-08,9.1619701720912e-08,-16.205619504104,1,30
1.1,91,-3.9780991522828,nan,nan,nan,0.78199723995931,1.2787768919134,nan,nan,30,2,2,12,2.5721589970133e-08,2.5721589970133e-08,-17.475935121053,1,30
1.1,91,-3.9780991522828,nan,nan,nan,0.78199723995931,1.2787768919134,nan,nan,30,2,2,13,7.2240994946089e-09,7.2240994946089e-09,-18.74584324814,1,30
1.1,91,-3.9780991522828,nan,nan,nan,0.78199723995931,1.2787768919134,nan,nan,30,2,2,14,2.0294273231118e-09,2.0294273231118e-09,-20.015512190534,1,30
1.1,91,-3.9780991522828,nan,nan,nan,0.78199723995931,1.2787768919134,nan,nan,30,2,2,15,5.7019608204519e-10,5.7019608204519e-10,-21.285040810668,1,30
1.1,91,-3.9780991522828,nan,nan,nan,0.78199723995931,1.2787768919134,nan,nan,30,2,2,16,1.6021777495184e-10,1.6021777495184e-10,-22.554487132694,1,30
1.1,91,-3.9780991522828,nan,nan,nan,0.78199723995931,1.2787768919134,nan,nan,30,2,2,17,4.5021309404897e-11,4.5021309404897e-11,-23.823885195913,1,30
1.1,91,-3.9780991522828,nan,nan,nan,0.78199723995931,1.2787768919134,nan,nan,30,2,2,18,1.2651378130442e-11,1.2651378130442e-11,-25.093254963571,1,30
1.1,91,-3.9780991522828,nan,nan,nan,0.78199723995931,1.2787768919134,nan,nan,30,2,2,19,3.5552058789435e-12,3.5552058789435e-12,-26.362608141849,1,30
1.1,91,-3.9780991522828,nan,nan,nan,0.78199723995931,1.2787768919134,nan,nan,30,2,2,20,9.9906995449281e-13,9.9906995449281e-13,-27.631951594196,1,30
1.1,91,-3.9780991522828,nan,nan,nan,0.78199723995931,1.2787768919134,nan,nan,30,2,2,21,2.8075630479621e-13,2.8075630479621e-13,-28.901289344568,1,30
1.1,91,-3.9780991522828,nan,nan,nan,0.78199723995931,1.2787768919134,nan,nan,30,2,2,22,7.8897744674059e-14,7.8897744674059e-14,-30.17062375208,1,30
1.1,91,-3.9780991522828,nan,nan,nan,0.78199723995931,1.2787768919134,nan,nan,30,2,2,23,2.2171777465989e-14,2.2171777465989e-14,-31.439956200117,1,30
1.1,91,-3.9780991522828,nan,nan,nan,0.78199723995931,1.2787768919134,nan,nan,30,2,2,24,6.2307013062644e-15,6.2307013062644e-15,-32.709287499223,1,30
1.1,91,-3.9780991522828,nan,nan,nan,0.78199723995931,1.2787768919134,nan,nan,30,2,2,25,1.7509496016924e-15,1.7509496016924e-15,-33.978618124607,1,30
1.1,91,-3.9780991522828,nan,nan,nan,0.78199723995931,1.2787768919134,nan,nan,30,2,2,26,4.9205146704342e-16,4.9205146704342e-16,-35.24794835506,1,30
1.1,91,-3.9780991522828,nan,nan,nan,0.78199723995931,1.2787768919134,nan,nan,30,2,2,27,1.3827622567247e-16,1.3827622567247e-16,-36.517278354031,1,30
1.1,91,-3.9780991522828,nan,nan,nan,0.78199723995931,1.2787768919134,nan,nan,30,2,2,28,3.8858368404347e-17,3.8858368404347e-17,-37.786608217332,1,30
1.1,91,-3.9780991522828,nan,nan,nan,0.78199723995931,1.2787768919134,nan,nan,30,2,2,29,1.0919974910765e-17,1.0919974910765e-17,-39.055938001128,1,30
1.1,91,-3.9780991522828,nan,nan,nan,0.78199723995931,1.2787768919134,nan,nan,30,2,2,30,3.0687304306715e-18,3.0687304306715e-18,-40.325267738323,1,30
1.15,91,-3.1379639630715,nan,nan,nan,0.69708031867333,1.4345549188696,nan,nan,30,2,2,1,0.037865139399675,0.037865139399675,-3.2737243949316,1,30
1.15,91,-3.1379639630715,nan,nan,nan,0.69708031867333,1.4345549188696,nan,nan,30,2,2,2,0.0079588508430536,0.0079588508430536,-4.8334706559982,1,30
1.15,91,-3.1379639630715,nan,nan,nan,0.69708031867333,1.4345549188696,nan,nan,30,2,2,3,0.0017389007830914,0.0017389007830914,-6.3545020992391,1,30
1.15,91,-3.1379639630715,nan,nan,nan,0.69708031867333,1.4345549188696,nan,nan,30,2,2,4,0.00039341877853109,0.00039341877853109,-7.8406359192108,1,30
1.15,91,-3.1379639630715,nan,nan,nan,0.69708031867333,1.4345549188696,nan,nan,30,2,2,5,9.1151644866075e-05,9.1151644866075e-05,-9.3029860112967,1,30
1.15,91,-3.1379639630715,nan,nan,nan,0.69708031867333,1.4345549188696,nan,nan,30,2,2,6,2.1447075347087e-05,2.1447075347087e-05,-10.749922269342,1,30
1.15,91,-3.1379639630715,nan,nan,nan,0.69708031867333,1.4345549188696,nan,nan,30,2,2,7,5.094969433652e-06,5.094969433652e-06,-12.187256890591,1,30
1.15,91,-3.1379639630715,nan,nan,nan,0.69708031867333,1.4345549188696,nan,nan,30,2,2,8,1.217447346543e-06,1.217447346543e-06,-13.618754230117,1,30
1.15,91,-3.1379639630715,nan,nan,nan,0.69708031867333,1.4345549188696,nan,nan,30,2,2,9,2.9193007625568e-07,2.9193007625568e-07,-15.046751528232,1,30
1.15,91,-3.1379639630715,nan,nan,nan,0.69708031867333,1.4345549188696,nan,nan,30,2,2,10,7.0147432775214e-08,7.0147432775214e-08,-16.472666627287,1,30
1.15,91,-3.1379639630715,nan,nan,nan,0.69708031867333,1.4345549188696,nan,nan,30,2,2,11,1.6876417108609e-08,1.6876417108609e-08,-17.897348626907,1,30
1.15,91,-3.1379639630715,nan,nan,nan,0.69708031867333,1.4345549188696,nan,nan,30,2,2,12,4.0631702826228e-09,4.0631702826228e-09,-19.321302310255,1,30
1.15,91,-3.1379639630715,nan,nan,nan,0.69708031867333,1.4345549188696,nan,nan,30,2,2,13,9.7867011277367e-10,9.7867011277367e-10,-20.744826493642,1,30
1.15,91,-3.1379639630715,nan,nan,nan,0.69708031867333,1.4345549188696,nan,nan,30,2,2,14,2.3578573485023e-10,2.3578573485023e-10,-22.168097626474,1,30
1.15,91,-3.1379639630715,nan,nan,nan,0.69708031867333,1.4345549188696,nan,nan,30,2,2,15,5.6815056322555e-11,5.6815056322555e-11,-23.591219749227,1,30
1.15,91,-3.1379639630715,nan,nan,nan,0.69708031867333,1.4345549188696,nan,nan,30,2,2,16,1.3691387165107e-11,1.3691387165107e-11,-25.014254154873,1,30
1.15,91,-3.1379639630715,nan,nan,nan,0.69708031867333,1.4345549188696,nan,nan,30,2,2,17,3.2995436845327e-12,3.2995436845327e-12,-26.437236934432,1,30
1.15,91,-3.1379639630715,nan,nan,nan,0.69708031867333,1.4345549188696,nan,nan,30,2,2,18,7.9519475731805e-13,7.9519475731805e-13,-27.8601893325,1,30
1.15,91,-3.1379639630715,nan,nan,nan,0.69708031867333,1.4345549188696,nan,nan,30,2,2,19,1.916465026432e-13,1.916465026432e-13,-29.283123851916,1,30
1.15,91,-3.1379639630715,nan,nan,nan,0.69708031867333,1.4345549188696,nan,nan,30,2,2,20,4.6188393498047e-14,4.6188393498047e-14,-30.706047851371,1,30
1.15,91,-3.1379639630715,nan,nan,nan,0.69708031867333,1.4345549188696,nan,nan,30,2,2,21,1.1131854071838e-14,1.1131854071838e-14,-32.128965660223,1,30
1.15,91,-3.1379639630715,nan,nan,nan,0.69708031867333,1.4345549188696,nan,nan,30,2,2,22,2.6828953562007e-15,2.6828953562007e-15,-33.551879826762,1,30
1.15,91,-3.1379639630715,nan,nan,nan,0.69708031867333,1.4345549188696,nan,nan,30,2,2,23,6.4660773221388e-16,6.4660773221388e-16,-34.974791850408,1,30
1.15,91,-3.1379639630715,nan,nan,nan,0.69708031867333,1.4345549188696,nan,nan,30,2,2,24,1.5583987855506e-16,1.5583987855506e-16,-36.397702613291,1,30
1.15,91,-3.1379639630715,nan,nan,nan,0.69708031867333,1.4345549188696,nan,nan,30,2,2,25,3.7559225726761e-17,3.7559225726761e-17,-37.820612634069,1,30
1.15,91,-3.1379639630715,nan,nan,nan,0.69708031867333,1.4345549188696,nan,nan,30,2,2,26,9.0522147841503e-18,9.0522147841503e-18,-39.243522218591,1,30
1.15,91,-3.1379639630715,nan,nan,nan,0.69708031867333,1.4345549188696,nan,nan,30,2,2,27,2.1816907012227e-18,2.1816907012227e-18,-40.666431546657,1,30
1.15,91,-3.1379639630715,nan,nan,nan,0.69708031867333,1.4345549188696,nan,nan,30,2,2,28,5.2581331224096e-19,5.2581331224096e-19,-42.08934072283,1,30
1.15,91,-3.1379639630715,nan,nan,nan,0.69708031867333,1.4345549188696,nan,nan,30,2,2,29,1.267272505206e-19,1.267272505206e-19,-43.512249809585,1,30
1.15,91,-3.1379639630715,nan,nan,nan,0.69708031867333,1.4345549188696,nan,nan,30,2,2,30,3.0542773432776e-20,3.0542773432776e-20,-44.935158844085,1,30
1.2,91,-2.4895235487811,nan,nan,nan,0.60855365833086,1.6432404707627,nan,nan,30,2,2,1,0.033122207457644,0.033122207457644,-3.4075513013949,1,30
1.2,91,-2.4895235487811,nan,nan,nan,0.60855365833086,1.6432404707627,nan,nan,30,2,2,2,0.0059183474399448,0.0059183474399448,-5.1296980177134,1,30
1.2,91,-2.4895235487811,nan,nan,nan,0.60855365833086,1.6432404707627,nan,nan,30,2,2,3,0.0011077569676641,0.0011077569676641,-6.8054180579798,1,30
1.2,91,-2.4895235487811,nan,nan,nan,0.60855365833086,1.6432404707627,nan,nan,30,2,2,4,0.00021242932186723,0.00021242932186723,-8.4569012279022,1,30
1.2,91,-2.4895235487811,nan,nan,nan,0.60855365833086,1.6432404707627,nan,nan,30,2,2,5,4.1066111531093e-05,4.1066111531093e-05,-10.100327313536,1,30
1.2,91,-2.4895235487811,nan,nan,nan,0.60855365833086,1.6432404707627,nan,nan,30,2,2,6,7.9589744841506e-06,7.9589744841506e-06,-11.741210400057,1,30
1.2,91,-2.4895235487811,nan,nan,nan,0.60855365833086,1.6432404707627,nan,nan,30,2,2,7,1.5437452321413e-06,1.5437452321413e-06,-13.381299125066,1,30
1.2,91,-2.4895235487811,nan,nan,nan,0.60855365833086,1.6432404707627,nan,nan,30,2,2,8,2.9950331201186e-07,2.9950331201186e-07,-15.021140360982,1,30
1.2,91,-2.4895235487811,nan,nan,nan,0.60855365833086,1.6432404707627,nan,nan,30,2,2,9,5.8111366989922e-08,5.8111366989922e-08,-16.660904546959,1,30
1.2,91,-2.4895235487811,nan,nan,nan,0.60855365833086,1.6432404707627,nan,nan,30,2,2,10,1.1275374347399e-08,1.1275374347399e-08,-18.300644750566,1,30
1.2,91,-2.4895235487811,nan,nan,nan,0.60855365833086,1.6432404707627,nan,nan,30,2,2,11,2.1877822225663e-09,2.1877822225663e-09,-19.940377489988,1,30
1.2,91,-2.4895235487811,nan,nan,nan,0.60855365833086,1.6432404707627,nan,nan,30,2,2,12,4.2450051103235e-10,4.2450051103235e-10,-21.580107906333,1,30
1.2,91,-2.4895235487811,nan,nan,nan,0.60855365833086,1.6432404707627,nan,nan,30,2,2,13,8.2366888392126e-11,8.2366888392126e-11,-23.219837599674,1,30
1.2,91,-2.4895235487811,nan,nan,nan,0.60855365833086,1.6432404707627,nan,nan,30,2,2,14,1.5981855507032e-11,1.5981855507032e-11,-24.859567067999,1,30
1.2,91,-2.4895235487811,nan,nan,nan,0.60855365833086,1.6432404707627,nan,nan,30,2,2,15,3.101000029521e-12,3.101000029521e-12,-26.49929646629,1,30
1.2,91,-2.4895235487811,nan,nan,nan,0.60855365833086,1.6432404707627,nan,nan,30,2,2,16,6.016949276273e-13,6.016949276273e-13,-28.139025842789,1,30
1.2,91,-2.4895235487811,nan,nan,nan,0.60855365833086,1.6432404707627,nan,nan,30,2,2,17,1.1674839888514e-13,1.1674839888514e-13,-29.778755212502,1,30
1.2,91,-2.4895235487811,nan,nan,nan,0.60855365833086,1.6432404707627,nan,nan,30,2,2,18,2.2652989156413e-14,2.2652989156413e-14,-31.418484580104,1,30
1.2,91,-2.4895235487811,nan,nan,nan,0.60855365833086,1.6432404707627,nan,nan,30,2,2,19,4.395417178803e-15,4.395417178803e-15,-33.058213947049,1,30
1.2,91,-2.4895235487811,nan,nan,nan,0.60855365833086,1.6432404707627,nan,nan,30,2,2,20,8.5285398965609e-16,8.5285398965609e-16,-34.697943313789,1,30
1.2,91,-2.4895235487811,nan,nan,nan,0.60855365833086,1.6432404707627,nan,nan,30,2,2,21,1.6548143171165e-16,1.6548143171165e-16,-36.337672680466,1,30
1.2,91,-2.4895235487811,nan,nan,nan,0.60855365833086,1.6432404707627,nan,nan,30,2,2,22,3.2108783653451e-17,3.2108783653451e-17,-37.977402047124,1,30
1.2,91,-2.4895235487811,nan,nan,nan,0.60855365833086,1.6432404707627,nan,nan,30,2,2,23,6.230149068979e-18,6.230149068979e-18,-39.617131413775,1,30
1.2,91,-2.4895235487811,nan,nan,nan,0.60855365833086,1.6432404707627,nan,nan,30,2,2,24,1.2088516911972e-18,1.2088516911972e-18,-41.256860780424,1,30
1.2,91,-2.4895235487811,nan,nan,nan,0.60855365833086,1.6432404707627,nan,nan,30,2,2,25,2.3455657242444e-19,2.3455657242444e-19,-42.896590147071,1,30
1.2,91,-2.4895235487811,nan,nan,nan,0.60855365833086,1.6432404707627,nan,nan,30,2,2,26,4.5511609131216e-20,4.5511609131216e-20,-44.536319513721,1,30
1.2,91,-2.4895235487811,nan,nan,nan,0.60855365833086,1.6432404707627,nan,nan,30,2,2,27,8.830733431611e-21,8.830733431611e-21,-46.176048880371,1,30
1.2,91,-2.4895235487811,nan,nan,nan,0.60855365833086,1.6432404707627,nan,nan,30,2,2,28,1.7134496984168e-21,1.7134496984168e-21,-47.815778247018,1,30
1.2,91,-2.4895235487811,nan,nan,nan,0.60855365833086,1.6432404707627,nan,nan,30,2,2,29,3.3246500890819e-22,3.3246500890819e-22,-49.455507613665,1,30
1.2,91,-2.4895235487811,nan,nan,nan,0.60855365833086,1.6432404707627,nan,nan,30,2,2,30,6.4509032421674e-23,6.4509032421674e-23,-51.095236980314,1,30
1.25,91,-1.9869221187339,nan,nan,nan,0.55756345599438,1.7935178305697,nan,nan,30,2,2,1,0.028981037899878,0.028981037899878,-3.5411135283804,1,30
1.25,91,-1.9869221187339,nan,nan,nan,0.55756345599438,1.7935178305697,nan,nan,30,2,2,2,0.0044216459313062,0.0044216459313062,-5.4212432695613,1,30
1.25,91,-1.9869221187339,nan,nan,nan,0.55756345599438,1.7935178305697,nan,nan,30,2,2,3,0.00071128806702444,0.00071128806702444,-7.2484330526562,1,30
1.25,91,-1.9869221187339,nan,nan,nan,0.55756345599438,1.7935178305697,nan,nan,30,2,2,4,0.00011742079186251,0.00011742079186251,-9.049746563504,1,30
1.25,91,-1.9869221187339,nan,nan,nan,0.55756345599438,1.7935178305697,nan,nan,30,2,2,5,1.9551108822502e-05,1.9551108822502e-05,-10.842478555878,1,30
1.25,91,-1.9869221187339,nan,nan,nan,0.55756345599438,1.7935178305697,nan,nan,30,2,2,6,3.2642154126924e-06,3.2642154126924e-06,-12.632491126504,1,30
1.25,91,-1.9869221187339,nan,nan,nan,0.55756345599438,1.7935178305697,nan,nan,30,2,2,7,5.4545243568599e-07,5.4545243568599e-07,-14.421650229451,1,30
1.25,91,-1.9869221187339,nan,nan,nan,0.55756345599438,1.7935178305697,nan,nan,30,2,2,8,9.1169795922368e-08,9.1169795922368e-08,-16.210542179782,1,30
1.25,91,-1.9869221187339,nan,nan,nan,0.55756345599438,1.7935178305697,nan,nan,30,2,2,9,1.5239873742844e-08,1.5239873742844e-08,-17.999350571313,1,30
1.25,91,-1.9869221187339,nan,nan,nan,0.55756345599438,1.7935178305697,nan,nan,30,2,2,10,2.5475522671075e-09,2.5475522671075e-09,-19.788132834022,1,30
1.25,91,-1.9869221187339,nan,nan,nan,0.55756345599438,1.7935178305697,nan,nan,30,2,2,11,4.2586150554042e-10,4.2586150554042e-10,-21.576906926882,1,30
1.25,91,-1.9869221187339,nan,nan,nan,0.55756345599438,1.7935178305697,nan,nan,30,2,2,12,7.1189308857321e-11,7.1189308857321e-11,-23.365678465284,1,30
1.25,91,-1.9869221187339,nan,nan,nan,0.55756345599438,1.7935178305697,nan,nan,30,2,2,13,1.1900398785357e-11,1.1900398785357e-11,-25.154449204998,1,30
1.25,91,-1.9869221187339,nan,nan,nan,0.55756345599438,1.7935178305697,nan,nan,30,2,2,14,1.9893370070598e-12,1.9893370070598e-12,-26.943219694985,1,30
1.25,91,-1.9869221187339,nan,nan,nan,0.55756345599438,1.7935178305697,nan,nan,30,2,2,15,3.3254869084879e-13,3.3254869084879e-13,-28.731990106893,1,30
1.25,91,-1.9869221187339,nan,nan,nan,0.55756345599438,1.7935178305697,nan,nan,30,2,2,16,5.5590698857393e-14,5.5590698857393e-14,-30.520760494386,1,30
1.25,91,-1.9869221187339,nan,nan,nan,0.55756345599438,1.7935178305697,nan,nan,30,2,2,17,9.292852168953e-15,9.292852168953e-15,-32.309530874247,1,30
1.25,91,-1.9869221187339,nan,nan,nan,0.55756345599438,1.7935178305697,nan,nan,30,2,2,18,1.5534451520691e-15,1.5534451520691e-15,-34.098301251722,1,30
1.25,91,-1.9869221187339,nan,nan,nan,0.55756345599438,1.7935178305697,nan,nan,30,2,2,19,2.5968258166782e-16,2.5968258166782e-16,-35.887071628448,1,30
1.25,91,-1.9869221187339,nan,nan,nan,0.55756345599438,1.7935178305697,nan,nan,30,2,2,20,4.3409993038739e-17,4.3409993038739e-17,-37.675842004942,1,30
1.25,91,-1.9869221187339,nan,nan,nan,0.55756345599438,1.7935178305697,nan,nan,30,2,2,21,7.2566572761887e-18,7.2566572761887e-18,-39.464612381364,1,30
1.25,91,-1.9869221187339,nan,nan,nan,0.55756345599438,1.7935178305697,nan,nan,30,2,2,22,1.2130634247801e-18,1.2130634247801e-18,-41.253382757763,1,30
1.25,91,-1.9869221187339,nan,nan,nan,0.55756345599438,1.7935178305697,nan,nan,30,2,2,23,2.0278246809053e-19,2.0278246809053e-19,-43.042153134153,1,30
1.25,91,-1.9869221187339,nan,nan,nan,0.55756345599438,1.7935178305697,nan,nan,30,2,2,24,3.389825175248e-20,3.389825175248e-20,-44.830923510542,1,30
1.25,91,-1.9869221187339,nan,nan,nan,0.55756345599438,1.7935178305697,nan,nan,30,2,2,25,5.6666213933339e-21,5.6666213933339e-21,-46.61969388693,1,30
1.25,91,-1.9869221187339,nan,nan,nan,0.55756345599438,1.7935178305697,nan,nan,30,2,2,26,9.4726413178742e-22,9.4726413178742e-22,-48.408464263318,1,30
1.25,91,-1.9869221187339,nan,nan,nan,0.55756345599438,1.7935178305697,nan,nan,30,2,2,27,1.5834997136494e-22,1.5834997136494e-22,-50.197234639706,1,30
1.25,91,-1.9869221187339,nan,nan,nan,0.55756345599438,1.7935178305697,nan,nan,30,2,2,28,2.6470667039759e-23,2.6470667039759e-23,-51.986005016096,1,30
1.25,91,-1.9869221187339,nan,nan,nan,0.55756345599438,1.7935178305697,nan,nan,30,2,2,29,4.4249847820691e-24,4.4249847820691e-24,-53.774775392484,1,30
1.25,91,-1.9869221187339,nan,nan,nan,0.55756345599438,1.7935178305697,nan,nan,30,2,2,30,7.3970521000165e-25,7.3970521000165e-25,-55.563545768872,1,30
1.3,91,-1.5954531662536,nan,nan,nan,0.51549211556714,1.9398938796568,nan,nan,30,2,2,1,0.025384081276321,0.025384081276321,-3.6736330228343,1,30
1.3,91,-1.5954531662536,nan,nan,nan,0.51549211556714,1.9398938796568,nan,nan,30,2,2,2,0.0033223303099913,0.0033223303099913,-5.707088841671,1,30
1.3,91,-1.5954531662536,nan,nan,nan,0.51549211556714,1.9398938796568,nan,nan,30,2,2,3,0.00046113406789538,0.00046113406789538,-7.6818217375178,1,30
1.3,91,-1.5954531662536,nan,nan,nan,0.51549211556714,1.9398938796568,nan,nan,30,2,2,4,6.5777184556034e-05,6.5777184556034e-05,-9.629237519031,1,30
1.3,91,-1.5954531662536,nan,nan,nan,0.51549211556714,1.9398938796568,nan,nan,30,2,2,5,9.4678879940117e-06,9.4678879940117e-06,-11.567604696335,1,30
1.3,91,-1.5954531662536,nan,nan,nan,0.51549211556714,1.9398938796568,nan,nan,30,2,2,6,1.3667217267631e-06,1.3667217267631e-06,-13.503095585858,1,30
1.3,91,-1.5954531662536,nan,nan,nan,0.51549211556714,1.9398938796568,nan,nan,30,2,2,7,1.9746968859914e-07,1.9746968859914e-07,-15.437680739831,1,30
1.3,91,-1.5954531662536,nan,nan,nan,0.51549211556714,1.9398938796568,nan,nan,30,2,2,8,2.8539365905188e-08,2.8539365905188e-08,-17.371981442902,1,30
1.3,91,-1.5954531662536,nan,nan,nan,0.51549211556714,1.9398938796568,nan,nan,30,2,2,9,4.1250285919503e-09,4.1250285919503e-09,-19.306192885802,1,30
1.3,91,-1.5954531662536,nan,nan,nan,0.51549211556714,1.9398938796568,nan,nan,30,2,2,10,5.9624090579201e-10,5.9624090579201e-10,-21.240376326183,1,30
1.3,91,-1.5954531662536,nan,nan,nan,0.51549211556714,1.9398938796568,nan,nan,30,2,2,11,8.6182757922074e-11,8.6182757922074e-11,-23.174550982372,1,30
1.3,91,-1.5954531662536,nan,nan,nan,0.51549211556714,1.9398938796568,nan,nan,30,2,2,12,1.2457193320819e-11,1.2457193320819e-11,-25.108722883094,1,30
1.3,91,-1.5954531662536,nan,nan,nan,0.51549211556714,1.9398938796568,nan,nan,30,2,2,13,1.8006130611634e-12,1.8006130611634e-12,-27.042893919479,1,30
1.3,91,-1.5954531662536,nan,nan,nan,0.51549211556714,1.9398938796568,nan,nan,30,2,2,14,2.6026795856874e-13,2.6026795856874e-13,-28.977064684729,1,30
1.3,91,-1.5954531662536,nan,nan,nan,0.51549211556714,1.9398938796568,nan,nan,30,2,2,15,3.7620195853828e-14,3.7620195853828e-14,-30.911235364942,1,30
1.3,91,-1.5954531662536,nan,nan,nan,0.51549211556714,1.9398938796568,nan,nan,30,2,2,16,5.4377772109645e-15,5.4377772109645e-15,-32.845406018469,1,30
1.3,91,-1.5954531662536,nan,nan,nan,0.51549211556714,1.9398938796568,nan,nan,30,2,2,17,7.8599859922095e-16,7.8599859922095e-16,-34.779576663627,1,30
1.3,91,-1.5954531662536,nan,nan,nan,0.51549211556714,1.9398938796568,nan,nan,30,2,2,18,1.1361145843753e-16,1.1361145843753e-16,-36.713747306165,1,30
1.3,91,-1.5954531662536,nan,nan,nan,0.51549211556714,1.9398938796568,nan,nan,30,2,2,19,1.6421865779164e-17,1.6421865779164e-17,-38.647917947873,1,30
1.3,91,-1.5954531662536,nan,nan,nan,0.51549211556714,1.9398938796568,nan,nan,30,2,2,20,2.3736837766905e-18,2.3736837766905e-18,-40.58208858932,1,30
1.3,91,-1.5954531662536,nan,nan,nan,0.51549211556714,1.9398938796568,nan,nan,30,2,2,21,3.4310198048603e-19,3.4310198048603e-19,-42.516259230698,1,30
1.3,91,-1.5954531662536,nan,nan,nan,0.51549211556714,1.9398938796568,nan,nan,30,2,2,22,4.9593366300354e-20,4.9593366300354e-20,-44.450429872033,1,30
1.3,91,-1.5954531662536,nan,nan,nan,0.51549211556714,1.9398938796568,nan,nan,30,2,2,23,7.1684283999271e-21,7.1684283999271e-21,-46.384600513373,1,30
1.3,91,-1.5954531662536,nan,nan,nan,0.51549211556714,1.9398938796568,nan,nan,30,2,2,24,1.036154017325e-21,1.036154017325e-21,-48.318771154716,1,30
1.3,91,-1.5954531662536,nan,nan,nan,0.51549211556714,1.9398938796568,nan,nan,30,2,2,25,1.4976994785034e-22,1.4976994785034e-22,-50.252941796051,1,30
1.3,91,-1.5954531662536,nan,nan,nan,0.51549211556714,1.9398938796568,nan,nan,30,2,2,26,2.1648362023521e-23,2.1648362023521e-23,-52.187112437383,1,30
1.3,91,-1.5954531662536,nan,nan,nan,0.51549211556714,1.9398938796568,nan,nan,30,2,2,27,3.1291429624323e-24,3.1291429624323e-24,-54.121283078718,1,30
1.3,91,-1.5954531662536,nan,nan,nan,0.51549211556714,1.9398938796568,nan,nan,30,2,2,28,4.5229914709978e-25,4.5229914709978e-25,-56.055453720053,1,30
1.3,91,-1.5954531662536,nan,nan,nan,0.51549211556714,1.9398938796568,nan,nan,30,2,2,29,6.5377172255875e-26,6.5377172255875e-26,-57.989624361383,1,30
1.3,91,-1.5954531662536,nan,nan,nan,0.51549211556714,1.9398938796568,nan,nan,30,2,2,30,9.4498843954119e-27,9.4498843954119e-27,-59.923795002698,1,30
1.35,91,-1.2889116166987,nan,nan,nan,0.48014854917968,2.0826887881021,nan,nan,30,2,2,1,0.022269655684266,0.022269655684266,-3.8045302587993,1,30
1.35,91,-1.2889116166987,nan,nan,nan,0.48014854917968,2.0826887881021,nan,nan,30,2,2,2,0.0025122114638913,0.0025122114638913,-5.9865918524339,1,30
1.35,91,-1.2889116166987,nan,nan,nan,0.48014854917968,2.0826887881021,nan,nan,30,2,2,3,0.00030207401914466,0.00030207401914466,-8.1048384741152,1,30
1.35,91,-1.2889116166987,nan,nan,nan,0.48014854917968,2.0826887881021,nan,nan,30,2,2,4,3.7374702590606e-05,3.7374702590606e-05,-10.194516483727,1,30
1.35,91,-1.2889116166987,nan,nan,nan,0.48014854917968,2.0826887881021,nan,nan,30,2,2,5,4.6682015993473e-06,4.6682015993473e-06,-12.274736656952,1,30
1.35,91,-1.2889116166987,nan,nan,nan,0.48014854917968,2.0826887881021,nan,nan,30,2,2,6,5.8483073510124e-07,5.8483073510124e-07,-14.351943373289,1,30
1.35,91,-1.2889116166987,nan,nan,nan,0.48014854917968,2.0826887881021,nan,nan,30,2,2,7,7.3337128078403e-08,7.3337128078403e-08,-16.428198834077,1,30
1.35,91,-1.2889116166987,nan,nan,nan,0.48014854917968,2.0826887881021,nan,nan,30,2,2,8,9.1991492004458e-09,9.1991492004458e-09,-18.50415483538,1,30
1.35,91,-1.2889116166987,nan,nan,nan,0.48014854917968,2.0826887881021,nan,nan,30,2,2,9,1.1540173371876e-09,1.1540173371876e-09,-20.580016645414,1,30
1.35,91,-1.2889116166987,nan,nan,nan,0.48014854917968,2.0826887881021,nan,nan,30,2,2,10,1.4477376452567e-10,1.4477376452567e-10,-22.655848836608,1,30
1.35,91,-1.2889116166987,nan,nan,nan,0.48014854917968,2.0826887881021,nan,nan,30,2,2,11,1.8162325136147e-11,1.8162325136147e-11,-24.73167171482,1,30
1.35,91,-1.2889116166987,nan,nan,nan,0.48014854917968,2.0826887881021,nan,nan,30,2,2,12,2.2785276141816e-12,2.2785276141816e-12,-26.807491664824,1,30
1.35,91,-1.2889116166987,nan,nan,nan,0.48014854917968,2.0826887881021,nan,nan,30,2,2,13,2.8584957209046e-13,2.8584957209046e-13,-28.883310694174,1,30
1.35,91,-1.2889116166987,nan,nan,nan,0.48014854917968,2.0826887881021,nan,nan,30,2,2,14,3.5860878320959e-14,3.5860878320959e-14,-30.959129433978,1,30
1.35,91,-1.2889116166987,nan,nan,nan,0.48014854917968,2.0826887881021,nan,nan,30,2,2,15,4.4988792584975e-15,4.4988792584975e-15,-33.034948082821,1,30
1.35,91,-1.2889116166987,nan,nan,nan,0.48014854917968,2.0826887881021,nan,nan,30,2,2,16,5.6440098819734e-16,5.6440098819734e-16,-35.110766703035,1,30
1.35,91,-1.2889116166987,nan,nan,nan,0.48014854917968,2.0826887881021,nan,nan,30,2,2,17,7.0806185286744e-17,7.0806185286744e-17,-37.186585314202,1,30
1.35,91,-1.2889116166987,nan,nan,nan,0.48014854917968,2.0826887881021,nan,nan,30,2,2,18,8.8828970778911e-18,8.8828970778911e-18,-39.262403922586,1,30
1.35,91,-1.2889116166987,nan,nan,nan,0.48014854917968,2.0826887881021,nan,nan,30,2,2,19,1.1143921995583e-18,1.1143921995583e-18,-41.338222530112,1,30
1.35,91,-1.2889116166987,nan,nan,nan,0.48014854917968,2.0826887881021,nan,nan,30,2,2,20,1.3980461148259e-19,1.3980461148259e-19,-43.414041137335,1,30
1.35,91,-1.2889116166987,nan,nan,nan,0.48014854917968,2.0826887881021,nan,nan,30,2,2,21,1.7539004132558e-20,1.7539004132558e-20,-45.489859744478,1,30
1.35,91,-1.2889116166987,nan,nan,nan,0.48014854917968,2.0826887881021,nan,nan,30,2,2,22,2.2003327551818e-21,2.2003327551818e-21,-47.565678351593,1,30
1.35,91,-1.2889116166987,nan,nan,nan,0.48014854917968,2.0826887881021,nan,nan,30,2,2,23,2.7603985932961e-22,2.7603985932961e-22,-49.641496958706,1,30
1.35,91,-1.2889116166987,nan,nan,nan,0.48014854917968,2.0826887881021,nan,nan,30,2,2,24,3.4630218434245e-23,3.4630218434245e-23,-51.717315565803,1,30
1.35,91,-1.2889116166987,nan,nan,nan,0.48014854917968,2.0826887881021,nan,nan,30,2,2,25,4.3444886245742e-24,4.3444886245742e-24,-53.793134172914,1,30
1.35,91,-1.2889116166987,nan,nan,nan,0.48014854917968,2.0826887881021,nan,nan,30,2,2,26,5.4503212115472e-25,5.4503212115472e-25,-55.868952780014,1,30
1.35,91,-1.2889116166987,nan,nan,nan,0.48014854917968,2.0826887881021,nan,nan,30,2,2,27,6.8376289769372e-26,6.8376289769372e-26,-57.944771387103,1,30
1.35,91,-1.2889116166987,nan,nan,nan,0.48014854917968,2.0826887881021,nan,nan,30,2,2,28,8.5780577348257e-27,8.5780577348257e-27,-60.020589994198,1,30
1.35,91,-1.2889116166987,nan,nan,nan,0.48014854917968,2.0826887881021,nan,nan,30,2,2,29,1.0761489801201e-27,1.0761489801201e-27,-62.096408601323,1,30
1.35,91,-1.2889116166987,nan,nan,nan,0.48014854917968,2.0826887881021,nan,nan,30,2,2,30,1.3500685857119e-28,1.3500685857119e-28,-64.172227208442,1,30
1.4,91,-1.0475193922705,nan,nan,nan,0.44966194136017,2.2238929026885,nan,nan,30,2,2,1,0.019577198861924,0.019577198861924,-3.9333897133028,1,30
1.4,91,-1.0475193922705,nan,nan,nan,0.44966194136017,2.2238929026885,nan,nan,30,2,2,2,0.0019123865758556,0.0019123865758556,-6.2594033007645,1,30
1.4,91,-1.0475193922705,nan,nan,nan,0.44966194136017,2.2238929026885,nan,nan,30,2,2,3,0.00019980474485543,0.00019980474485543,-8.5181699440066,1,30
1.4,91,-1.0475193922705,nan,nan,nan,0.44966194136017,2.2238929026885,nan,nan,30,2,2,4,2.1489622213014e-05,2.1489622213014e-05,-10.747940427129,1,30
1.4,91,-1.0475193922705,nan,nan,nan,0.44966194136017,2.2238929026885,nan,nan,30,2,2,5,2.3333755912267e-06,2.3333755912267e-06,-12.968194587215,1,30
1.4,91,-1.0475193922705,nan,nan,nan,0.44966194136017,2.2238929026885,nan,nan,30,2,2,6,2.5412587948258e-07,2.5412587948258e-07,-15.185436104177,1,30
1.4,91,-1.0475193922705,nan,nan,nan,0.44966194136017,2.2238929026885,nan,nan,30,2,2,7,2.7702795543116e-08,2.7702795543116e-08,-17.401732506711,1,30
1.4,91,-1.0475193922705,nan,nan,nan,0.44966194136017,2.2238929026885,nan,nan,30,2,2,8,3.0208330147021e-09,3.0208330147021e-09,-19.617733210912,1,30
1.4,91,-1.0475193922705,nan,nan,nan,0.44966194136017,2.2238929026885,nan,nan,30,2,2,9,3.2943518884118e-10,3.2943518884118e-10,-21.833641476807,1,30
1.4,91,-1.0475193922705,nan,nan,nan,0.44966194136017,2.2238929026885,nan,nan,30,2,2,10,3.5927400979523e-11,3.5927400979523e-11,-24.049520853085,1,30
1.4,91,-1.0475193922705,nan,nan,nan,0.44966194136017,2.2238929026885,nan,nan,30,2,2,11,3.9181904005998e-12,3.9181904005998e-12,-26.265391201211,1,30
1.4,91,-1.0475193922705,nan,nan,nan,0.44966194136017,2.2238929026885,nan,nan,30,2,2,12,4.2731338503111e-13,4.2731338503111e-13,-28.481258728082,1,30
1.4,91,-1.0475193922705,nan,nan,nan,0.44966194136017,2.2238929026885,nan,nan,30,2,2,13,4.6602352448781e-14,4.6602352448781e-14,-30.69712537332,1,30
1.4,91,-1.0475193922705,nan,nan,nan,0.44966194136017,2.2238929026885,nan,nan,30,2,2,14,5.0824053918266e-15,5.0824053918266e-15,-32.912991743059,1,30
1.4,91,-1.0475193922705,nan,nan,nan,0.44966194136017,2.2238929026885,nan,nan,30,2,2,15,5.5428203584824e-16,5.5428203584824e-16,-35.128858026709,1,30
1.4,91,-1.0475193922705,nan,nan,nan,0.44966194136017,2.2238929026885,nan,nan,30,2,2,16,6.0449444671113e-17,6.0449444671113e-17,-37.344724283456,1,30
1.4,91,-1.0475193922705,nan,nan,nan,0.44966194136017,2.2238929026885,nan,nan,30,2,2,17,6.5925560555591e-18,6.5925560555591e-18,-39.560590531755,1,30
1.4,91,-1.0475193922705,nan,nan,nan,0.44966194136017,2.2238929026885,nan,nan,30,2,2,18,7.1897758026698e-19,7.1897758026698e-19,-41.776456777466,1,30
1.4,91,-1.0475193922705,nan,nan,nan,0.44966194136017,2.2238929026885,nan,nan,30,2,2,19,7.8410977016e-20,7.8410977016e-20,-43.99232302236,1,30
1.4,91,-1.0475193922705,nan,nan,nan,0.44966194136017,2.2238929026885,nan,nan,30,2,2,20,8.5514228634338e-21,8.5514228634338e-21,-46.208189266996,1,30
1.4,91,-1.0475193922705,nan,nan,nan,0.44966194136017,2.2238929026885,nan,nan,30,2,2,21,9.3260963933618e-22,9.3260963933618e-22,-48.424055511555,1,30
1.4,91,-1.0475193922705,nan,nan,nan,0.44966194136017,2.2238929026885,nan,nan,30,2,2,22,1.017094761062e-22,1.017094761062e-22,-50.639921756091,1,30
1.4,91,-1.0475193922705,nan,nan,nan,0.44966194136017,2.2238929026885,nan,nan,30,2,2,23,1.1092333912401e-23,1.1092333912401e-23,-52.855788000662,1,30
1.4,91,-1.0475193922705,nan,nan,nan,0.44966194136017,2.2238929026885,nan,nan,30,2,2,24,1.2097188614254e-24,1.2097188614254e-24,-55.071654245174,1,30
1.4,91,-1.0475193922705,nan,nan,nan,0.44966194136017,2.2238929026885,nan,nan,30,2,2,25,1.3193073119156e-25,1.3193073119156e-25,-57.28752048969,1,30
1.4,91,-1.0475193922705,nan,nan,nan,0.44966194136017,2.2238929026885,nan,nan,30,2,2,26,1.4388233818358e-26,1.4388233818358e-26,-59.503386734209,1,30
1.4,91,-1.0475193922705,nan,nan,nan,0.44966194136017,2.2238929026885,nan,nan,30,2,2,27,1.5691664144049e-27,1.5691664144049e-27,-61.71925297872,1,30
1.4,91,-1.0475193922705,nan,nan,nan,0.44966194136017,2.2238929026885,nan,nan,30,2,2,28,1.7113172243095e-28,1.7113172243095e-28,-63.935119223239,1,30
1.4,91,-1.0475193922705,nan,nan,nan,0.44966194136017,2.2238929026885,nan,nan,30,2,2,29,1.8663454783336e-29,1.8663454783336e-29,-66.150985467738,1,30
1.4,91,-1.0475193922705,nan,nan,nan,0.44966194136017,2.2238929026885,nan,nan,30,2,2,30,2.0354177443612e-30,2.0354177443612e-30,-68.366851712209,1,30
