g,N,E0,E1,gap,xi_gap,xi_corr,m_corr,xi_transfer,m_transfer,i0,comp_i,comp_j,r,corr,abs_corr,log_abs_corr,rMin,rMax
0.8,61,-11.998355125685,nan,nan,nan,2.8211460685174,0.35446587156883,nan,nan,20,1,1,1,0.086962378322602,0.086962378322602,-2.4422796869272,1,20
0.8,61,-11.998355125685,nan,nan,nan,2.8211460685174,0.35446587156883,nan,nan,20,1,1,2,0.057941683414956,0.057941683414956,-2.8483182326109,1,20
0.8,61,-11.998355125685,nan,nan,nan,2.8211460685174,0.35446587156883,nan,nan,20,1,1,3,0.038208263068322,0.038208263068322,-3.2647034760723,1,20
0.8,61,-11.998355125685,nan,nan,nan,2.8211460685174,0.35446587156883,nan,nan,20,1,1,4,0.025487073606811,0.025487073606811,-3.6695838727238,1,20
0.8,61,-11.998355125685,nan,nan,nan,2.8211460685174,0.35446587156883,nan,nan,20,1,1,5,0.017240558369555,0.017240558369555,-4.0604906262459,1,20
0.8,61,-11.998355125685,nan,nan,nan,2.8211460685174,0.35446587156883,nan,nan,20,1,1,6,0.011803015056,0.011803015056,-4.4394002669281,1,20
0.8,61,-11.998355125685,nan,nan,nan,2.8211460685174,0.35446587156883,nan,nan,20,1,1,7,0.0081587088011698,0.0081587088011698,-4.8086693576774,1,20
0.8,61,-11.998355125685,nan,nan,nan,2.8211460685174,0.35446587156883,nan,nan,20,1,1,8,0.005683202738421,0.005683202738421,-5.1702403427617,1,20
0.8,61,-11.998355125685,nan,nan,nan,2.8211460685174,0.35446587156883,nan,nan,20,1,1,9,0.0039833771224561,0.0039833771224561,-5.5256252962479,1,20
0.8,61,-11.998355125685,nan,nan,nan,2.8211460685174,0.35446587156883,nan,nan,20,1,1,10,0.0028059783439629,0.0028059783439629,-5.8760030150925,1,20
0.8,61,-11.998355125685,nan,nan,nan,2.8211460685174,0.35446587156883,nan,nan,20,1,1,11,0.0019846622476862,0.0019846622476862,-6.2223065316197,1,20
0.8,61,-11.998355125685,nan,nan,nan,2.8211460685174,0.35446587156883,nan,nan,20,1,1,12,0.0014084207034648,0.0014084207034648,-6.5652862708022,1,20
0.8,61,-11.998355125685,nan,nan,nan,2.8211460685174,0.35446587156883,nan,nan,20,1,1,13,0.0010022046939433,0.0010022046939433,-6.9055530118103,1,20
0.8,61,-11.998355125685,nan,nan,nan,2.8211460685174,0.35446587156883,nan,nan,20,1,1,14,0.00071472892256233,0.00071472892256233,-7.2436072164414,1,20
0.8,61,-11.998355125685,nan,nan,nan,2.8211460685174,0.35446587156883,nan,nan,20,1,1,15,0.00051063273338473,0.00051063273338473,-7.5798599475252,1,20
0.8,61,-11.998355125685,nan,nan,nan,2.8211460685174,0.35446587156883,nan,nan,20,1,1,16,0.00036535221182564,0.00036535221182564,-7.9146487057543,1,20
0.8,61,-11.998355125685,nan,nan,nan,2.8211460685174,0.35446587156883,nan,nan,20,1,1,17,0.0002617161445034,0.0002617161445034,-8.2482500594506,1,20
0.8,61,-11.998355125685,nan,nan,nan,2.8211460685174,0.35446587156883,nan,nan,20,1,1,18,0.00018765787649543,0.00018765787649543,-8.580890058868,1,20
0.8,61,-11.998355125685,nan,nan,nan,2.8211460685174,0.35446587156883,nan,nan,20,1,1,19,0.00013466060778047,0.00013466060778047,-8.9127529614126,1,20
0.8,61,-11.998355125685,nan,nan,nan,2.8211460685174,0.35446587156883,nan,nan,20,1,1,20,9.6691160355675e-05,9.6691160355675e-05,-9.2439885727582,1,20
0.85,61,-9.2773874934469,nan,nan,nan,2.0249560501125,0.49383787857738,nan,nan,20,1,1,1,0.079058865247864,0.079058865247864,-2.5375625742666,1,20
0.85,61,-9.2773874934469,nan,nan,nan,2.0249560501125,0.49383787857738,nan,nan,20,1,1,2,0.045395357620353,0.045395357620353,-3.0923454342215,1,20
0.85,61,-9.2773874934469,nan,nan,nan,2.0249560501125,0.49383787857738,nan,nan,20,1,1,3,0.025875514796871,0.025875514796871,-3.6544581320633,1,20
0.85,61,-9.2773874934469,nan,nan,nan,2.0249560501125,0.49383787857738,nan,nan,20,1,1,4,0.014975778505777,0.014975778505777,-4.2013211493017,1,20
0.85,61,-9.2773874934469,nan,nan,nan,2.0249560501125,0.49383787857738,nan,nan,20,1,1,5,0.008809735792866,0.008809735792866,-4.7318978289428,1,20
0.85,61,-9.2773874934469,nan,nan,nan,2.0249560501125,0.49383787857738,nan,nan,20,1,1,6,0.0052520754540674,0.0052520754540674,-5.2491319559145,1,20
0.85,61,-9.2773874934469,nan,nan,nan,2.0249560501125,0.49383787857738,nan,nan,20,1,1,7,0.0031639434039485,0.0031639434039485,-5.7559361167372,1,20
0.85,61,-9.2773874934469,nan,nan,nan,2.0249560501125,0.49383787857738,nan,nan,20,1,1,8,0.0019215671139934,0.0019215671139934,-6.2546142206519,1,20
0.85,61,-9.2773874934469,nan,nan,nan,2.0249560501125,0.49383787857738,nan,nan,20,1,1,9,0.0011743954886532,0.0011743954886532,-6.7470017415171,1,20
0.85,61,-9.2773874934469,nan,nan,nan,2.0249560501125,0.49383787857738,nan,nan,20,1,1,10,0.00072121398661406,0.00072121398661406,-7.2345746732929,1,20
0.85,61,-9.2773874934469,nan,nan,nan,2.0249560501125,0.49383787857738,nan,nan,20,1,1,11,0.00044452328488229,0.00044452328488229,-7.7185081199452,1,20
0.85,61,-9.2773874934469,nan,nan,nan,2.0249560501125,0.49383787857738,nan,nan,20,1,1,12,0.0002747325853736,0.0002747325853736,-8.199712350225,1,20
0.85,61,-9.2773874934469,nan,nan,nan,2.0249560501125,0.49383787857738,nan,nan,20,1,1,13,0.00017013695567869,0.00017013695567869,-8.6789068236136,1,20
0.85,61,-9.2773874934469,nan,nan,nan,2.0249560501125,0.49383787857738,nan,nan,20,1,1,14,0.00010551981690184,0.00010551981690184,-9.1566117847554,1,20
0.85,61,-9.2773874934469,nan,nan,nan,2.0249560501125,0.49383787857738,nan,nan,20,1,1,15,6.5517150905112e-05,6.5517150905112e-05,-9.6331986037191,1,20
0.85,61,-9.2773874934469,nan,nan,nan,2.0249560501125,0.49383787857738,nan,nan,20,1,1,16,4.071429820279e-05,4.071429820279e-05,-10.108931220016,1,20
0.85,61,-9.2773874934469,nan,nan,nan,2.0249560501125,0.49383787857738,nan,nan,20,1,1,17,2.5317720616185e-05,2.5317720616185e-05,-10.584005987798,1,20
0.85,61,-9.2773874934469,nan,nan,nan,2.0249560501125,0.49383787857738,nan,nan,20,1,1,18,1.5751939418855e-05,1.5751939418855e-05,-11.058547062568,1,20
0.85,61,-9.2773874934469,nan,nan,nan,2.0249560501125,0.49383787857738,nan,nan,20,1,1,19,9.8044088583366e-06,9.8044088583366e-06,-11.532678389951,1,20
0.85,61,-9.2773874934469,nan,nan,nan,2.0249560501125,0.49383787857738,nan,nan,20,1,1,20,6.1042614488745e-06,6.1042614488745e-06,-12.006523432515,1,20
0.9,61,-7.1789741133086,nan,nan,nan,1.557671571426,0.64198385484082,nan,nan,20,1,1,1,0.071074012582155,0.071074012582155,-2.6440335141599,1,20
0.9,61,-7.1789741133086,nan,nan,nan,1.557671571426,0.64198385484082,nan,nan,20,1,1,2,0.034761841819315,0.034761841819315,-3.359234993242,1,20
0.9,61,-7.1789741133086,nan,nan,nan,1.557671571426,0.64198385484082,nan,nan,20,1,1,3,0.016967533351119,0.016967533351119,-4.0764535638,1,20
0.9,61,-7.1789741133086,nan,nan,nan,1.557671571426,0.64198385484082,nan,nan,20,1,1,4,0.0084415448665063,0.0084415448665063,-4.774589946069,1,20
0.9,61,-7.1789741133086,nan,nan,nan,1.557671571426,0.64198385484082,nan,nan,20,1,1,5,0.0042774518581829,0.0042774518581829,-5.4543978069233,1,20
0.9,61,-7.1789741133086,nan,nan,nan,1.557671571426,0.64198385484082,nan,nan,20,1,1,6,0.0021987763038935,0.0021987763038935,-6.1198542988716,1,20
0.9,61,-7.1789741133086,nan,nan,nan,1.557671571426,0.64198385484082,nan,nan,20,1,1,7,0.0011427378845221,0.0011427378845221,-6.7743282428457,1,20
0.9,61,-7.1789741133086,nan,nan,nan,1.557671571426,0.64198385484082,nan,nan,20,1,1,8,0.00059891625800498,0.00059891625800498,-7.4203887726189,1,20
0.9,61,-7.1789741133086,nan,nan,nan,1.557671571426,0.64198385484082,nan,nan,20,1,1,9,0.0003159134825415,0.0003159134825415,-8.0600421712902,1,20
0.9,61,-7.1789741133086,nan,nan,nan,1.557671571426,0.64198385484082,nan,nan,20,1,1,10,0.00016744332847659,0.00016744332847659,-8.6948656014014,1,20
0.9,61,-7.1789741133086,nan,nan,nan,1.557671571426,0.64198385484082,nan,nan,20,1,1,11,8.9070382303657e-05,8.9070382303657e-05,-9.3260836883589,1,20
0.9,61,-7.1789741133086,nan,nan,nan,1.557671571426,0.64198385484082,nan,nan,20,1,1,12,4.7506838944964e-05,4.7506838944964e-05,-9.9546368794988,1,20
0.9,61,-7.1789741133086,nan,nan,nan,1.557671571426,0.64198385484082,nan,nan,20,1,1,13,2.5388080805882e-05,2.5388080805882e-05,-10.581230753687,1,20
0.9,61,-7.1789741133086,nan,nan,nan,1.557671571426,0.64198385484082,nan,nan,20,1,1,14,1.3587059803571e-05,1.3587059803571e-05,-11.206392703203,1,20
0.9,61,-7.1789741133086,nan,nan,nan,1.557671571426,0.64198385484082,nan,nan,20,1,1,15,7.279035663926e-06,7.279035663926e-06,-11.830512168276,1,20
0.9,61,-7.1789741133086,nan,nan,nan,1.557671571426,0.64198385484082,nan,nan,20,1,1,16,3.902571637046e-06,3.902571637046e-06,-12.453874828019,1,20
0.9,61,-7.1789741133086,nan,nan,nan,1.557671571426,0.64198385484082,nan,nan,20,1,1,17,2.0934665043434e-06,2.0934665043434e-06,-13.076689251451,1,20
0.9,61,-7.1789741133086,nan,nan,nan,1.557671571426,0.64198385484082,nan,nan,20,1,1,18,1.1234489084228e-06,1.1234489084228e-06,-13.699107221724,1,20
0.9,61,-7.1789741133086,nan,nan,nan,1.557671571426,0.64198385484082,nan,nan,20,1,1,19,6.0306581776384e-07,6.0306581776384e-07,-14.321239495655,1,20
0.9,61,-7.1789741133086,nan,nan,nan,1.557671571426,0.64198385484082,nan,nan,20,1,1,20,3.2379141407963e-07,3.2379141407963e-07,-14.943166312177,1,20
0.95,61,-5.5662003010133,nan,nan,nan,1.2444336811554,0.80357837877835,nan,nan,20,1,1,1,0.063324539036783,0.063324539036783,-2.7594823624453,1,20
0.95,61,-5.5662003010133,nan,nan,nan,1.2444336811554,0.80357837877835,nan,nan,20,1,1,2,0.026198863967245,0.026198863967245,-3.642039229184,1,20
0.95,61,-5.5662003010133,nan,nan,nan,1.2444336811554,0.80357837877835,nan,nan,20,1,1,3,0.010894323502394,0.010894323502394,-4.5195134049967,1,20
0.95,61,-5.5662003010133,nan,nan,nan,1.2444336811554,0.80357837877835,nan,nan,20,1,1,4,0.0046349892918831,0.0046349892918831,-5.3741213902403,1,20
0.95,61,-5.5662003010133,nan,nan,nan,1.2444336811554,0.80357837877835,nan,nan,20,1,1,5,0.0020116721765804,0.0020116721765804,-6.208788974125,1,20
0.95,61,-5.5662003010133,nan,nan,nan,1.2444336811554,0.80357837877835,nan,nan,20,1,1,6,0.00088633393273975,0.00088633393273975,-7.0284167791131,1,20
0.95,61,-5.5662003010133,nan,nan,nan,1.2444336811554,0.80357837877835,nan,nan,20,1,1,7,0.0003946077277398,0.0003946077277398,-7.8376183808377,1,20
0.95,61,-5.5662003010133,nan,nan,nan,1.2444336811554,0.80357837877835,nan,nan,20,1,1,8,0.00017690239261131,0.00017690239261131,-8.6399124316706,1,20
0.95,61,-5.5662003010133,nan,nan,nan,1.2444336811554,0.80357837877835,nan,nan,20,1,1,9,7.9660716378084e-05,7.9660716378084e-05,-9.4377339873051,1,20
0.95,61,-5.5662003010133,nan,nan,nan,1.2444336811554,0.80357837877835,nan,nan,20,1,1,10,3.5974713024507e-05,3.5974713024507e-05,-10.232694282304,1,20
0.95,61,-5.5662003010133,nan,nan,nan,1.2444336811554,0.80357837877835,nan,nan,20,1,1,11,1.6275716110009e-05,1.6275716110009e-05,-11.025836370223,1,20
0.95,61,-5.5662003010133,nan,nan,nan,1.2444336811554,0.80357837877835,nan,nan,20,1,1,12,7.3719546095931e-06,7.3719546095931e-06,-11.817827675312,1,20
0.95,61,-5.5662003010133,nan,nan,nan,1.2444336811554,0.80357837877835,nan,nan,20,1,1,13,3.341494435024e-06,3.341494435024e-06,-12.609092415409,1,20
0.95,61,-5.5662003010133,nan,nan,nan,1.2444336811554,0.80357837877835,nan,nan,20,1,1,14,1.5152969473901e-06,1.5152969473901e-06,-13.399899133331,1,20
0.95,61,-5.5662003010133,nan,nan,nan,1.2444336811554,0.80357837877835,nan,nan,20,1,1,15,6.8735331055691e-07,6.8735331055691e-07,-14.190417396634,1,20
0.95,61,-5.5662003010133,nan,nan,nan,1.2444336811554,0.80357837877835,nan,nan,20,1,1,16,3.1184670280275e-07,3.1184670280275e-07,-14.980754107053,1,20
0.95,61,-5.5662003010133,nan,nan,nan,1.2444336811554,0.80357837877835,nan,nan,20,1,1,17,1.4149851815331e-07,1.4149851815331e-07,-15.770976592333,1,20
0.95,61,-5.5662003010133,nan,nan,nan,1.2444336811554,0.80357837877835,nan,nan,20,1,1,18,6.4208693056761e-08,6.4208693056761e-08,-16.561127229548,1,20
0.95,61,-5.5662003010133,nan,nan,nan,1.2444336811554,0.80357837877835,nan,nan,20,1,1,19,2.9137708382036e-08,2.9137708382036e-08,-17.351232680931,1,20
0.95,61,-5.5662003010133,nan,nan,nan,1.2444336811554,0.80357837877835,nan,nan,20,1,1,20,1.3222978606301e-08,1.3222978606301e-08,-18.141309717289,1,20
1,61,-4.3289963112033,nan,nan,nan,1.0361447049562,0.9651161611083,nan,nan,20,1,1,1,0.056026384126685,0.056026384126685,-2.8819325540816,1,20
1,61,-4.3289963112033,nan,nan,nan,1.0361447049562,0.9651161611083,nan,nan,20,1,1,2,0.019544426782161,0.019544426782161,-3.9350651082737,1,20
1,61,-4.3289963112033,nan,nan,nan,1.0361447049562,0.9651161611083,nan,nan,20,1,1,3,0.0069092637470644,0.0069092637470644,-4.9748921957846,1,20
1,61,-4.3289963112033,nan,nan,nan,1.0361447049562,0.9651161611083,nan,nan,20,1,1,4,0.0025077708004529,0.0025077708004529,-5.9883610477668,1,20
1,61,-4.3289963112033,nan,nan,nan,1.0361447049562,0.9651161611083,nan,nan,20,1,1,5,0.00092952571231704,0.00092952571231704,-6.9808360886603,1,20
1,61,-4.3289963112033,nan,nan,nan,1.0361447049562,0.9651161611083,nan,nan,20,1,1,6,0.00034961296583256,0.00034961296583256,-7.9586838272489,1,20
1,61,-4.3289963112033,nan,nan,nan,1.0361447049562,0.9651161611083,nan,nan,20,1,1,7,0.00013275167321867,0.00013275167321867,-8.9270302936379,1,20
1,61,-4.3289963112033,nan,nan,nan,1.0361447049562,0.9651161611083,nan,nan,20,1,1,8,5.0707956243206e-05,5.0707956243206e-05,-9.8894277318051,1,20
1,61,-4.3289963112033,nan,nan,nan,1.0361447049562,0.9651161611083,nan,nan,20,1,1,9,1.9440178580787e-05,1.9440178580787e-05,-10.84816857272,1,20
1,61,-4.3289963112033,nan,nan,nan,1.0361447049562,0.9651161611083,nan,nan,20,1,1,10,7.4694952155025e-06,7.4694952155025e-06,-11.804683136002,1,20
1,61,-4.3289963112033,nan,nan,nan,1.0361447049562,0.9651161611083,nan,nan,20,1,1,11,2.8738751230542e-06,2.8738751230542e-06,-12.759849221824,1,20
1,61,-4.3289963112033,nan,nan,nan,1.0361447049562,0.9651161611083,nan,nan,20,1,1,12,1.1066192396286e-06,1.1066192396286e-06,-13.71420092038,1,20
1,61,-4.3289963112033,nan,nan,nan,1.0361447049562,0.9651161611083,nan,nan,20,1,1,13,4.2632595192453e-07,4.2632595192453e-07,-14.668061637889,1,20
1,61,-4.3289963112033,nan,nan,nan,1.0361447049562,0.9651161611083,nan,nan,20,1,1,14,1.6429098892101e-07,1.6429098892101e-07,-15.621626658684,1,20
1,61,-4.3289963112033,nan,nan,nan,1.0361447049562,0.9651161611083,nan,nan,20,1,1,15,6.3323222830853e-08,6.3323222830853e-08,-16.575013705711,1,20
1,61,-4.3289963112033,nan,nan,nan,1.0361447049562,0.9651161611083,nan,nan,20,1,1,16,2.4409494184279e-08,2.4409494184279e-08,-17.528293674416,1,20
1,61,-4.3289963112033,nan,nan,nan,1.0361447049562,0.9651161611083,nan,nan,20,1,1,17,9.4098461411691e-09,9.4098461411691e-09,-18.481509234049,1,20
1,61,-4.3289963112033,nan,nan,nan,1.0361447049562,0.9651161611083,nan,nan,20,1,1,18,3.6276308651158e-09,3.6276308651158e-09,-19.434686055979,1,20
1,61,-4.3289963112033,nan,nan,nan,1.0361447049562,0.9651161611083,nan,nan,20,1,1,19,1.3985363917275e-09,1.3985363917275e-09,-20.387839581653,1,20
1,61,-4.3289963112033,nan,nan,nan,1.0361447049562,0.9651161611083,nan,nan,20,1,1,20,5.3917598356643e-10,5.3917598356643e-10,-21.340979098186,1,20
1.05,61,-3.3803110070269,nan,nan,nan,0.88843624916809,1.125573164013,nan,nan,20,1,1,1,0.049314026150165,0.049314026150165,-3.0095467323091,1,20
1.05,61,-3.3803110070269,nan,nan,nan,0.88843624916809,1.125573164013,nan,nan,20,1,1,2,0.014499324287844,0.014499324287844,-4.2336532314798,1,20
1.05,61,-3.3803110070269,nan,nan,nan,0.88843624916809,1.125573164013,nan,nan,20,1,1,3,0.0043578372866637,0.0043578372866637,-5.4357793798562,1,20
1.05,61,-3.3803110070269,nan,nan,nan,0.88843624916809,1.125573164013,nan,nan,20,1,1,4,0.0013491379474485,0.0013491379474485,-6.608289447942,1,20
1.05,61,-3.3803110070269,nan,nan,nan,0.88843624916809,1.125573164013,nan,nan,20,1,1,5,0.00042687980907615,0.00042687980907615,-7.7590080619313,1,20
1.05,61,-3.3803110070269,nan,nan,nan,0.88843624916809,1.125573164013,nan,nan,20,1,1,6,0.00013702523318405,0.00013702523318405,-8.8953454652707,1,20
1.05,61,-3.3803110070269,nan,nan,nan,0.88843624916809,1.125573164013,nan,nan,20,1,1,7,4.4379345621723e-05,4.4379345621723e-05,-10.02273638546,1,20
1.05,61,-3.3803110070269,nan,nan,nan,0.88843624916809,1.125573164013,nan,nan,20,1,1,8,1.4451240528458e-05,1.4451240528458e-05,-11.14473029737,1,20
1.05,61,-3.3803110070269,nan,nan,nan,0.88843624916809,1.125573164013,nan,nan,20,1,1,9,4.7208661459828e-06,4.7208661459828e-06,-12.263518269697,1,20
1.05,61,-3.3803110070269,nan,nan,nan,0.88843624916809,1.125573164013,nan,nan,20,1,1,10,1.5451077737964e-06,1.5451077737964e-06,-13.380416893545,1,20
1.05,61,-3.3803110070269,nan,nan,nan,0.88843624916809,1.125573164013,nan,nan,20,1,1,11,5.0626436979983e-07,5.0626436979983e-07,-14.496206834139,1,20
1.05,61,-3.3803110070269,nan,nan,nan,0.88843624916809,1.125573164013,nan,nan,20,1,1,12,1.6598842833504e-07,1.6598842833504e-07,-15.611347759845,1,20
1.05,61,-3.3803110070269,nan,nan,nan,0.88843624916809,1.125573164013,nan,nan,20,1,1,13,5.4443123499702e-08,5.4443123499702e-08,-16.726109285723,1,20
1.05,61,-3.3803110070269,nan,nan,nan,0.88843624916809,1.125573164013,nan,nan,20,1,1,14,1.7860947652864e-08,1.7860947652864e-08,-17.840649202835,1,20
1.05,61,-3.3803110070269,nan,nan,nan,0.88843624916809,1.125573164013,nan,nan,20,1,1,15,5.8603310668189e-09,5.8603310668189e-09,-18.955059738909,1,20
1.05,61,-3.3803110070269,nan,nan,nan,0.88843624916809,1.125573164013,nan,nan,20,1,1,16,1.9229704061498e-09,1.9229704061498e-09,-20.069394759876,1,20
1.05,61,-3.3803110070269,nan,nan,nan,0.88843624916809,1.125573164013,nan,nan,20,1,1,17,6.3101864057161e-10,6.3101864057161e-10,-21.183685712506,1,20
1.05,61,-3.3803110070269,nan,nan,nan,0.88843624916809,1.125573164013,nan,nan,20,1,1,18,2.0707274679189e-10,2.0707274679189e-10,-22.297950950624,1,20
1.05,61,-3.3803110070269,nan,nan,nan,0.88843624916809,1.125573164013,nan,nan,20,1,1,19,6.7953247444763e-11,6.7953247444763e-11,-23.412201184792,1,20
1.05,61,-3.3803110070269,nan,nan,nan,0.88843624916809,1.125573164013,nan,nan,20,1,1,20,2.2299816533122e-11,2.2299816533122e-11,-24.526442664711,1,20
1.1,61,-2.6521645742823,nan,nan,nan,0.78038611193012,1.2814169610563,nan,nan,20,1,1,1,0.043255132923187,0.043255132923187,-3.1406393723413,1,20
1.1,61,-2.6521645742823,nan,nan,nan,0.78038611193012,1.2814169610563,nan,nan,20,1,1,2,0.010736797560999,0.010736797560999,-4.5340784130435,1,20
1.1,61,-2.6521645742823,nan,nan,nan,0.78038611193012,1.2814169610563,nan,nan,20,1,1,3,0.0027476914007821,0.0027476914007821,-5.8969942104979,1,20
1.1,61,-2.6521645742823,nan,nan,nan,0.78038611193012,1.2814169610563,nan,nan,20,1,1,4,0.00072638998426601,0.00072638998426601,-7.2274235189523,1,20
1.1,61,-2.6521645742823,nan,nan,nan,0.78038611193012,1.2814169610563,nan,nan,20,1,1,5,0.00019648323869469,0.00019648323869469,-8.5349334295568,1,20
1.1,61,-2.6521645742823,nan,nan,nan,0.78038611193012,1.2814169610563,nan,nan,20,1,1,6,5.3949276843412e-05,5.3949276843412e-05,-9.8274662705499,1,20
1.1,61,-2.6521645742823,nan,nan,nan,0.78038611193012,1.2814169610563,nan,nan,20,1,1,7,1.4951853285633e-05,1.4951853285633e-05,-11.110675300216,1,20
1.1,61,-2.6521645742823,nan,nan,nan,0.78038611193012,1.2814169610563,nan,nan,20,1,1,8,4.1673285140084e-06,4.1673285140084e-06,-12.388235371576,1,20
1.1,61,-2.6521645742823,nan,nan,nan,0.78038611193012,1.2814169610563,nan,nan,20,1,1,9,1.1654280345484e-06,1.1654280345484e-06,-13.662422126796,1,20
1.1,61,-2.6521645742823,nan,nan,nan,0.78038611193012,1.2814169610563,nan,nan,20,1,1,10,3.2657367315558e-07,3.2657367315558e-07,-14.934610268491,1,20
1.1,61,-2.6521645742823,nan,nan,nan,0.78038611193012,1.2814169610563,nan,nan,20,1,1,11,9.1619701656553e-08,9.1619701656553e-08,-16.205619504807,1,20
1.1,61,-2.6521645742823,nan,nan,nan,0.78038611193012,1.2814169610563,nan,nan,20,1,1,12,2.5721589953967e-08,2.5721589953967e-08,-17.475935121682,1,20
1.1,61,-2.6521645742823,nan,nan,nan,0.78038611193012,1.2814169610563,nan,nan,20,1,1,13,7.2240994899726e-09,7.2240994899726e-09,-18.745843248782,1,20
1.1,61,-2.6521645742823,nan,nan,nan,0.78038611193012,1.2814169610563,nan,nan,20,1,1,14,2.0294273216087e-09,2.0294273216087e-09,-20.015512191274,1,20
1.1,61,-2.6521645742823,nan,nan,nan,0.78038611193012,1.2814169610563,nan,nan,20,1,1,15,5.7019608166726e-10,5.7019608166726e-10,-21.28504081133,1,20
1.1,61,-2.6521645742823,nan,nan,nan,0.78038611193012,1.2814169610563,nan,nan,20,1,1,16,1.6021777484526e-10,1.6021777484526e-10,-22.554487133359,1,20
1.1,61,-2.6521645742823,nan,nan,nan,0.78038611193012,1.2814169610563,nan,nan,20,1,1,17,4.5021309371605e-11,4.5021309371605e-11,-23.823885196652,1,20
1.1,61,-2.6521645742823,nan,nan,nan,0.78038611193012,1.2814169610563,nan,nan,20,1,1,18,1.2651378119539e-11,1.2651378119539e-11,-25.093254964433,1,20
1.1,61,-2.6521645742823,nan,nan,nan,0.78038611193012,1.2814169610563,nan,nan,20,1,1,19,3.5552058760854e-12,3.5552058760854e-12,-26.362608142652,1,20
1.1,61,-2.6521645742823,nan,nan,nan,0.78038611193012,1.2814169610563,nan,nan,20,1,1,20,9.9906995376504e-13,9.9906995376504e-13,-27.631951594925,1,20
1.15,61,-2.092038348958,nan,nan,nan,0.69657593352187,1.4355936687965,nan,nan,20,1,1,1,0.037865139399675,0.037865139399675,-3.2737243949316,1,20
1.15,61,-2.092038348958,nan,nan,nan,0.69657593352187,1.4355936687965,nan,nan,20,1,1,2,0.0079588508430536,0.0079588508430536,-4.8334706559982,1,20
1.15,61,-2.092038348958,nan,nan,nan,0.69657593352187,1.4355936687965,nan,nan,20,1,1,3,0.0017389007830907,0.0017389007830907,-6.3545020992395,1,20
1.15,61,-2.092038348958,nan,nan,nan,0.69657593352187,1.4355936687965,nan,nan,20,1,1,4,0.00039341877853935,0.00039341877853935,-7.8406359191898,1,20
1.15,61,-2.092038348958,nan,nan,nan,0.69657593352187,1.4355936687965,nan,nan,20,1,1,5,9.1151644861655e-05,9.1151644861655e-05,-9.3029860113452,1,20
1.15,61,-2.092038348958,nan,nan,nan,0.69657593352187,1.4355936687965,nan,nan,20,1,1,6,2.1447075345555e-05,2.1447075345555e-05,-10.749922269413,1,20
1.15,61,-2.092038348958,nan,nan,nan,0.69657593352187,1.4355936687965,nan,nan,20,1,1,7,5.0949694320088e-06,5.0949694320088e-06,-12.187256890913,1,20
1.15,61,-2.092038348958,nan,nan,nan,0.69657593352187,1.4355936687965,nan,nan,20,1,1,8,1.2174473460195e-06,1.2174473460195e-06,-13.618754230547,1,20
1.15,61,-2.092038348958,nan,nan,nan,0.69657593352187,1.4355936687965,nan,nan,20,1,1,9,2.9193007607854e-07,2.9193007607854e-07,-15.046751528839,1,20
1.15,61,-2.092038348958,nan,nan,nan,0.69657593352187,1.4355936687965,nan,nan,20,1,1,10,7.0147432694976e-08,7.0147432694976e-08,-16.472666628431,1,20
1.15,61,-2.092038348958,nan,nan,nan,0.69657593352187,1.4355936687965,nan,nan,20,1,1,11,1.6876417082792e-08,1.6876417082792e-08,-17.897348628437,1,20
1.15,61,-2.092038348958,nan,nan,nan,0.69657593352187,1.4355936687965,nan,nan,20,1,1,12,4.0631702766164e-09,4.0631702766164e-09,-19.321302311733,1,20
1.15,61,-2.092038348958,nan,nan,nan,0.69657593352187,1.4355936687965,nan,nan,20,1,1,13,9.7867011182287e-10,9.7867011182287e-10,-20.744826494613,1,20
1.15,61,-2.092038348958,nan,nan,nan,0.69657593352187,1.4355936687965,nan,nan,20,1,1,14,2.357857346222e-10,2.357857346222e-10,-22.168097627441,1,20
1.15,61,-2.092038348958,nan,nan,nan,0.69657593352187,1.4355936687965,nan,nan,20,1,1,15,5.6815056263874e-11,5.6815056263874e-11,-23.591219750259,1,20
1.15,61,-2.092038348958,nan,nan,nan,0.69657593352187,1.4355936687965,nan,nan,20,1,1,16,1.3691387148666e-11,1.3691387148666e-11,-25.014254156073,1,20
1.15,61,-2.092038348958,nan,nan,nan,0.69657593352187,1.4355936687965,nan,nan,20,1,1,17,3.2995436811987e-12,3.2995436811987e-12,-26.437236935442,1,20
1.15,61,-2.092038348958,nan,nan,nan,0.69657593352187,1.4355936687965,nan,nan,20,1,1,18,7.9519475680773e-13,7.9519475680773e-13,-27.860189333142,1,20
1.15,61,-2.092038348958,nan,nan,nan,0.69657593352187,1.4355936687965,nan,nan,20,1,1,19,1.9164650249426e-13,1.9164650249426e-13,-29.283123852694,1,20
1.15,61,-2.092038348958,nan,nan,nan,0.69657593352187,1.4355936687965,nan,nan,20,1,1,20,4.6188393451828e-14,4.6188393451828e-14,-30.706047852371,1,20
1.2,61,-1.6597215735406,nan,nan,nan,0.60855365833047,1.6432404707638,nan,nan,20,1,1,1,0.033122207457645,0.033122207457645,-3.4075513013949,1,20
1.2,61,-1.6597215735406,nan,nan,nan,0.60855365833047,1.6432404707638,nan,nan,20,1,1,2,0.0059183474399447,0.0059183474399447,-5.1296980177135,1,20
1.2,61,-1.6597215735406,nan,nan,nan,0.60855365833047,1.6432404707638,nan,nan,20,1,1,3,0.0011077569676635,0.0011077569676635,-6.8054180579803,1,20
1.2,61,-1.6597215735406,nan,nan,nan,0.60855365833047,1.6432404707638,nan,nan,20,1,1,4,0.00021242932186757,0.00021242932186757,-8.4569012279006,1,20
1.2,61,-1.6597215735406,nan,nan,nan,0.60855365833047,1.6432404707638,nan,nan,20,1,1,5,4.1066111531119e-05,4.1066111531119e-05,-10.100327313535,1,20
1.2,61,-1.6597215735406,nan,nan,nan,0.60855365833047,1.6432404707638,nan,nan,20,1,1,6,7.9589744841515e-06,7.9589744841515e-06,-11.741210400057,1,20
1.2,61,-1.6597215735406,nan,nan,nan,0.60855365833047,1.6432404707638,nan,nan,20,1,1,7,1.5437452321399e-06,1.5437452321399e-06,-13.381299125067,1,20
1.2,61,-1.6597215735406,nan,nan,nan,0.60855365833047,1.6432404707638,nan,nan,20,1,1,8,2.9950331200984e-07,2.9950331200984e-07,-15.021140360988,1,20
1.2,61,-1.6597215735406,nan,nan,nan,0.60855365833047,1.6432404707638,nan,nan,20,1,1,9,5.8111366989424e-08,5.8111366989424e-08,-16.660904546968,1,20
1.2,61,-1.6597215735406,nan,nan,nan,0.60855365833047,1.6432404707638,nan,nan,20,1,1,10,1.1275374347304e-08,1.1275374347304e-08,-18.300644750574,1,20
1.2,61,-1.6597215735406,nan,nan,nan,0.60855365833047,1.6432404707638,nan,nan,20,1,1,11,2.1877822225468e-09,2.1877822225468e-09,-19.940377489997,1,20
1.2,61,-1.6597215735406,nan,nan,nan,0.60855365833047,1.6432404707638,nan,nan,20,1,1,12,4.2450051102736e-10,4.2450051102736e-10,-21.580107906344,1,20
1.2,61,-1.6597215735406,nan,nan,nan,0.60855365833047,1.6432404707638,nan,nan,20,1,1,13,8.2366888391237e-11,8.2366888391237e-11,-23.219837599685,1,20
1.2,61,-1.6597215735406,nan,nan,nan,0.60855365833047,1.6432404707638,nan,nan,20,1,1,14,1.5981855506867e-11,1.5981855506867e-11,-24.859567068009,1,20
1.2,61,-1.6597215735406,nan,nan,nan,0.60855365833047,1.6432404707638,nan,nan,20,1,1,15,3.1010000294752e-12,3.1010000294752e-12,-26.499296466305,1,20
1.2,61,-1.6597215735406,nan,nan,nan,0.60855365833047,1.6432404707638,nan,nan,20,1,1,16,6.0169492761921e-13,6.0169492761921e-13,-28.139025842803,1,20
1.2,61,-1.6597215735406,nan,nan,nan,0.60855365833047,1.6432404707638,nan,nan,20,1,1,17,1.1674839888344e-13,1.1674839888344e-13,-29.778755212516,1,20
1.2,61,-1.6597215735406,nan,nan,nan,0.60855365833047,1.6432404707638,nan,nan,20,1,1,18,2.2652989156094e-14,2.2652989156094e-14,-31.418484580118,1,20
1.2,61,-1.6597215735406,nan,nan,nan,0.60855365833047,1.6432404707638,nan,nan,20,1,1,19,4.3954171787518e-15,4.3954171787518e-15,-33.058213947061,1,20
1.2,61,-1.6597215735406,nan,nan,nan,0.60855365833047,1.6432404707638,nan,nan,20,1,1,20,8.5285398964517e-16,8.5285398964517e-16,-34.697943313802,1,20
1.25,61,-1.3246393467459,nan,nan,nan,0.55756345599443,1.7935178305696,nan,nan,20,1,1,1,0.028981037899878,0.028981037899878,-3.5411135283804,1,20
1.25,61,-1.3246393467459,nan,nan,nan,0.55756345599443,1.7935178305696,nan,nan,20,1,1,2,0.0044216459313063,0.0044216459313063,-5.4212432695613,1,20
1.25,61,-1.3246393467459,nan,nan,nan,0.55756345599443,1.7935178305696,nan,nan,20,1,1,3,0.00071128806702457,0.00071128806702457,-7.248433052656,1,20
1.25,61,-1.3246393467459,nan,nan,nan,0.55756345599443,1.7935178305696,nan,nan,20,1,1,4,0.00011742079186253,0.00011742079186253,-9.0497465635038,1,20
1.25,61,-1.3246393467459,nan,nan,nan,0.55756345599443,1.7935178305696,nan,nan,20,1,1,5,1.9551108822507e-05,1.9551108822507e-05,-10.842478555877,1,20
1.25,61,-1.3246393467459,nan,nan,nan,0.55756345599443,1.7935178305696,nan,nan,20,1,1,6,3.2642154127057e-06,3.2642154127057e-06,-12.6324911265,1,20
1.25,61,-1.3246393467459,nan,nan,nan,0.55756345599443,1.7935178305696,nan,nan,20,1,1,7,5.4545243568874e-07,5.4545243568874e-07,-14.421650229446,1,20
1.25,61,-1.3246393467459,nan,nan,nan,0.55756345599443,1.7935178305696,nan,nan,20,1,1,8,9.1169795923046e-08,9.1169795923046e-08,-16.210542179774,1,20
1.25,61,-1.3246393467459,nan,nan,nan,0.55756345599443,1.7935178305696,nan,nan,20,1,1,9,1.5239873742881e-08,1.5239873742881e-08,-17.99935057131,1,20
1.25,61,-1.3246393467459,nan,nan,nan,0.55756345599443,1.7935178305696,nan,nan,20,1,1,10,2.5475522670988e-09,2.5475522670988e-09,-19.788132834026,1,20
1.25,61,-1.3246393467459,nan,nan,nan,0.55756345599443,1.7935178305696,nan,nan,20,1,1,11,4.2586150554019e-10,4.2586150554019e-10,-21.576906926883,1,20
1.25,61,-1.3246393467459,nan,nan,nan,0.55756345599443,1.7935178305696,nan,nan,20,1,1,12,7.1189308857289e-11,7.1189308857289e-11,-23.365678465284,1,20
1.25,61,-1.3246393467459,nan,nan,nan,0.55756345599443,1.7935178305696,nan,nan,20,1,1,13,1.190039878542e-11,1.190039878542e-11,-25.154449204993,1,20
1.25,61,-1.3246393467459,nan,nan,nan,0.55756345599443,1.7935178305696,nan,nan,20,1,1,14,1.9893370070668e-12,1.9893370070668e-12,-26.943219694981,1,20
1.25,61,-1.3246393467459,nan,nan,nan,0.55756345599443,1.7935178305696,nan,nan,20,1,1,15,3.3254869085013e-13,3.3254869085013e-13,-28.731990106889,1,20
1.25,61,-1.3246393467459,nan,nan,nan,0.55756345599443,1.7935178305696,nan,nan,20,1,1,16,5.5590698857536e-14,5.5590698857536e-14,-30.520760494383,1,20
1.25,61,-1.3246393467459,nan,nan,nan,0.55756345599443,1.7935178305696,nan,nan,20,1,1,17,9.2928521689444e-15,9.2928521689444e-15,-32.309530874248,1,20
1.25,61,-1.3246393467459,nan,nan,nan,0.55756345599443,1.7935178305696,nan,nan,20,1,1,18,1.5534451520664e-15,1.5534451520664e-15,-34.098301251723,1,20
1.25,61,-1.3246393467459,nan,nan,nan,0.55756345599443,1.7935178305696,nan,nan,20,1,1,19,2.596825816669e-16,2.596825816669e-16,-35.887071628452,1,20
1.25,61,-1.3246393467459,nan,nan,nan,0.55756345599443,1.7935178305696,nan,nan,20,1,1,20,4.3409993038599e-17,4.3409993038599e-17,-37.675842004945,1,20
1.3,61,-1.0636509141984,nan,nan,nan,0.5154921155674,1.9398938796558,nan,nan,20,1,1,1,0.025384081276321,0.025384081276321,-3.6736330228343,1,20
1.3,61,-1.0636509141984,nan,nan,nan,0.5154921155674,1.9398938796558,nan,nan,20,1,1,2,0.0033223303099913,0.0033223303099913,-5.707088841671,1,20
1.3,61,-1.0636509141984,nan,nan,nan,0.5154921155674,1.9398938796558,nan,nan,20,1,1,3,0.00046113406789626,0.00046113406789626,-7.6818217375159,1,20
1.3,61,-1.0636509141984,nan,nan,nan,0.5154921155674,1.9398938796558,nan,nan,20,1,1,4,6.5777184555998e-05,6.5777184555998e-05,-9.6292375190315,1,20
1.3,61,-1.0636509141984,nan,nan,nan,0.5154921155674,1.9398938796558,nan,nan,20,1,1,5,9.467887994146e-06,9.467887994146e-06,-11.567604696321,1,20
1.3,61,-1.0636509141984,nan,nan,nan,0.5154921155674,1.9398938796558,nan,nan,20,1,1,6,1.3667217267824e-06,1.3667217267824e-06,-13.503095585844,1,20
1.3,61,-1.0636509141984,nan,nan,nan,0.5154921155674,1.9398938796558,nan,nan,20,1,1,7,1.9746968860063e-07,1.9746968860063e-07,-15.437680739824,1,20
1.3,61,-1.0636509141984,nan,nan,nan,0.5154921155674,1.9398938796558,nan,nan,20,1,1,8,2.8539365905351e-08,2.8539365905351e-08,-17.371981442897,1,20
1.3,61,-1.0636509141984,nan,nan,nan,0.5154921155674,1.9398938796558,nan,nan,20,1,1,9,4.125028591955e-09,4.125028591955e-09,-19.306192885801,1,20
1.3,61,-1.0636509141984,nan,nan,nan,0.5154921155674,1.9398938796558,nan,nan,20,1,1,10,5.9624090579326e-10,5.9624090579326e-10,-21.240376326181,1,20
1.3,61,-1.0636509141984,nan,nan,nan,0.5154921155674,1.9398938796558,nan,nan,20,1,1,11,8.6182757922304e-11,8.6182757922304e-11,-23.17455098237,1,20
1.3,61,-1.0636509141984,nan,nan,nan,0.5154921155674,1.9398938796558,nan,nan,20,1,1,12,1.2457193320818e-11,1.2457193320818e-11,-25.108722883094,1,20
1.3,61,-1.0636509141984,nan,nan,nan,0.5154921155674,1.9398938796558,nan,nan,20,1,1,13,1.8006130611895e-12,1.8006130611895e-12,-27.042893919464,1,20
1.3,61,-1.0636509141984,nan,nan,nan,0.5154921155674,1.9398938796558,nan,nan,20,1,1,14,2.6026795857282e-13,2.6026795857282e-13,-28.977064684713,1,20
1.3,61,-1.0636509141984,nan,nan,nan,0.5154921155674,1.9398938796558,nan,nan,20,1,1,15,3.7620195854805e-14,3.7620195854805e-14,-30.911235364916,1,20
1.3,61,-1.0636509141984,nan,nan,nan,0.5154921155674,1.9398938796558,nan,nan,20,1,1,16,5.4377772111013e-15,5.4377772111013e-15,-32.845406018443,1,20
1.3,61,-1.0636509141984,nan,nan,nan,0.5154921155674,1.9398938796558,nan,nan,20,1,1,17,7.8599859924475e-16,7.8599859924475e-16,-34.779576663597,1,20
1.3,61,-1.0636509141984,nan,nan,nan,0.5154921155674,1.9398938796558,nan,nan,20,1,1,18,1.1361145844171e-16,1.1361145844171e-16,-36.713747306128,1,20
1.3,61,-1.0636509141984,nan,nan,nan,0.5154921155674,1.9398938796558,nan,nan,20,1,1,19,1.6421865779637e-17,1.6421865779637e-17,-38.647917947844,1,20
1.3,61,-1.0636509141984,nan,nan,nan,0.5154921155674,1.9398938796558,nan,nan,20,1,1,20,2.3736837767552e-18,2.3736837767552e-18,-40.582088589292,1,20
1.35,61,-0.85928418764831,nan,nan,nan,0.48014854919414,2.0826887880393,nan,nan,20,1,1,1,0.022269655684266,0.022269655684266,-3.8045302587993,1,20
1.35,61,-0.85928418764831,nan,nan,nan,0.48014854919414,2.0826887880393,nan,nan,20,1,1,2,0.0025122114638919,0.0025122114638919,-5.9865918524336,1,20
1.35,61,-0.85928418764831,nan,nan,nan,0.48014854919414,2.0826887880393,nan,nan,20,1,1,3,0.00030207401914711,0.00030207401914711,-8.104838474107,1,20
1.35,61,-0.85928418764831,nan,nan,nan,0.48014854919414,2.0826887880393,nan,nan,20,1,1,4,3.7374702588869e-05,3.7374702588869e-05,-10.194516483774,1,20
1.35,61,-0.85928418764831,nan,nan,nan,0.48014854919414,2.0826887880393,nan,nan,20,1,1,5,4.6682015973164e-06,4.6682015973164e-06,-12.274736657387,1,20
1.35,61,-0.85928418764831,nan,nan,nan,0.48014854919414,2.0826887880393,nan,nan,20,1,1,6,5.8483073522541e-07,5.8483073522541e-07,-14.351943373077,1,20
1.35,61,-0.85928418764831,nan,nan,nan,0.48014854919414,2.0826887880393,nan,nan,20,1,1,7,7.3337128113328e-08,7.3337128113328e-08,-16.428198833601,1,20
1.35,61,-0.85928418764831,nan,nan,nan,0.48014854919414,2.0826887880393,nan,nan,20,1,1,8,9.1991492054817e-09,9.1991492054817e-09,-18.504154834833,1,20
1.35,61,-0.85928418764831,nan,nan,nan,0.48014854919414,2.0826887880393,nan,nan,20,1,1,9,1.154017337852e-09,1.154017337852e-09,-20.580016644838,1,20
1.35,61,-0.85928418764831,nan,nan,nan,0.48014854919414,2.0826887880393,nan,nan,20,1,1,10,1.447737646115e-10,1.447737646115e-10,-22.655848836015,1,20
1.35,61,-0.85928418764831,nan,nan,nan,0.48014854919414,2.0826887880393,nan,nan,20,1,1,11,1.8162325147031e-11,1.8162325147031e-11,-24.731671714221,1,20
1.35,61,-0.85928418764831,nan,nan,nan,0.48014854919414,2.0826887880393,nan,nan,20,1,1,12,2.2785276155332e-12,2.2785276155332e-12,-26.80749166423,1,20
1.35,61,-0.85928418764831,nan,nan,nan,0.48014854919414,2.0826887880393,nan,nan,20,1,1,13,2.8584957226067e-13,2.8584957226067e-13,-28.883310693579,1,20
1.35,61,-0.85928418764831,nan,nan,nan,0.48014854919414,2.0826887880393,nan,nan,20,1,1,14,3.586087833729e-14,3.586087833729e-14,-30.959129433523,1,20
1.35,61,-0.85928418764831,nan,nan,nan,0.48014854919414,2.0826887880393,nan,nan,20,1,1,15,4.4988792606058e-15,4.4988792606058e-15,-33.034948082352,1,20
1.35,61,-0.85928418764831,nan,nan,nan,0.48014854919414,2.0826887880393,nan,nan,20,1,1,16,5.6440098845031e-16,5.6440098845031e-16,-35.110766702586,1,20
1.35,61,-0.85928418764831,nan,nan,nan,0.48014854919414,2.0826887880393,nan,nan,20,1,1,17,7.0806185315757e-17,7.0806185315757e-17,-37.186585313792,1,20
1.35,61,-0.85928418764831,nan,nan,nan,0.48014854919414,2.0826887880393,nan,nan,20,1,1,18,8.8828970813088e-18,8.8828970813088e-18,-39.262403922201,1,20
1.35,61,-0.85928418764831,nan,nan,nan,0.48014854919414,2.0826887880393,nan,nan,20,1,1,19,1.1143922000017e-18,1.1143922000017e-18,-41.338222529714,1,20
1.35,61,-0.85928418764831,nan,nan,nan,0.48014854919414,2.0826887880393,nan,nan,20,1,1,20,1.3980461153522e-19,1.3980461153522e-19,-43.414041136958,1,20
1.4,61,-0.69835248244831,nan,nan,nan,0.44966194135977,2.2238929026904,nan,nan,20,1,1,1,0.019577198861924,0.019577198861924,-3.9333897133028,1,20
1.4,61,-0.69835248244831,nan,nan,nan,0.44966194135977,2.2238929026904,nan,nan,20,1,1,2,0.0019123865758556,0.0019123865758556,-6.2594033007645,1,20
1.4,61,-0.69835248244831,nan,nan,nan,0.44966194135977,2.2238929026904,nan,nan,20,1,1,3,0.00019980474485562,0.00019980474485562,-8.5181699440057,1,20
1.4,61,-0.69835248244831,nan,nan,nan,0.44966194135977,2.2238929026904,nan,nan,20,1,1,4,2.1489622212723e-05,2.1489622212723e-05,-10.747940427142,1,20
1.4,61,-0.69835248244831,nan,nan,nan,0.44966194135977,2.2238929026904,nan,nan,20,1,1,5,2.3333755912199e-06,2.3333755912199e-06,-12.968194587218,1,20
1.4,61,-0.69835248244831,nan,nan,nan,0.44966194135977,2.2238929026904,nan,nan,20,1,1,6,2.5412587947436e-07,2.5412587947436e-07,-15.18543610421,1,20
1.4,61,-0.69835248244831,nan,nan,nan,0.44966194135977,2.2238929026904,nan,nan,20,1,1,7,2.770279554149e-08,2.770279554149e-08,-17.40173250677,1,20
1.4,61,-0.69835248244831,nan,nan,nan,0.44966194135977,2.2238929026904,nan,nan,20,1,1,8,3.0208330146197e-09,3.0208330146197e-09,-19.617733210939,1,20
1.4,61,-0.69835248244831,nan,nan,nan,0.44966194135977,2.2238929026904,nan,nan,20,1,1,9,3.294351888295e-10,3.294351888295e-10,-21.833641476843,1,20
1.4,61,-0.69835248244831,nan,nan,nan,0.44966194135977,2.2238929026904,nan,nan,20,1,1,10,3.5927400978981e-11,3.5927400978981e-11,-24.0495208531,1,20
1.4,61,-0.69835248244831,nan,nan,nan,0.44966194135977,2.2238929026904,nan,nan,20,1,1,11,3.9181904005091e-12,3.9181904005091e-12,-26.265391201234,1,20
1.4,61,-0.69835248244831,nan,nan,nan,0.44966194135977,2.2238929026904,nan,nan,20,1,1,12,4.2731338502611e-13,4.2731338502611e-13,-28.481258728094,1,20
1.4,61,-0.69835248244831,nan,nan,nan,0.44966194135977,2.2238929026904,nan,nan,20,1,1,13,4.660235244768e-14,4.660235244768e-14,-30.697125373343,1,20
1.4,61,-0.69835248244831,nan,nan,nan,0.44966194135977,2.2238929026904,nan,nan,20,1,1,14,5.0824053917311e-15,5.0824053917311e-15,-32.912991743078,1,20
1.4,61,-0.69835248244831,nan,nan,nan,0.44966194135977,2.2238929026904,nan,nan,20,1,1,15,5.5428203584837e-16,5.5428203584837e-16,-35.128858026709,1,20
1.4,61,-0.69835248244831,nan,nan,nan,0.44966194135977,2.2238929026904,nan,nan,20,1,1,16,6.0449444671979e-17,6.0449444671979e-17,-37.344724283442,1,20
1.4,61,-0.69835248244831,nan,nan,nan,0.44966194135977,2.2238929026904,nan,nan,20,1,1,17,6.5925560553936e-18,6.5925560553936e-18,-39.56059053178,1,20
1.4,61,-0.69835248244831,nan,nan,nan,0.44966194135977,2.2238929026904,nan,nan,20,1,1,18,7.1897758024385e-19,7.1897758024385e-19,-41.776456777498,1,20
1.4,61,-0.69835248244831,nan,nan,nan,0.44966194135977,2.2238929026904,nan,nan,20,1,1,19,7.8410977014058e-20,7.8410977014058e-20,-43.992323022385,1,20
1.4,61,-0.69835248244831,nan,nan,nan,0.44966194135977,2.2238929026904,nan,nan,20,1,1,20,8.5514228632266e-21,8.5514228632266e-21,-46.20818926702,1,20
1.45,61,-0.57089113754384,nan,nan,nan,0.42387681237521,2.3591759936017,nan,nan,20,1,1,1,0.017250301560998,0.017250301560998,-4.0599256538606,1,20
1.45,61,-0.57089113754384,nan,nan,nan,0.42387681237521,2.3591759936017,nan,nan,20,1,1,2,0.0014658360612276,0.0014658360612276,-6.5253295090371,1,20
1.45,61,-0.57089113754384,nan,nan,nan,0.42387681237521,2.3591759936017,nan,nan,20,1,1,3,0.00013377491332342,0.00013377491332342,-8.9193519216952,1,20
1.45,61,-0.57089113754384,nan,nan,nan,0.42387681237521,2.3591759936017,nan,nan,20,1,1,4,1.2581369040031e-05,1.2581369040031e-05,-11.283293485902,1,20
1.45,61,-0.57089113754384,nan,nan,nan,0.42387681237521,2.3591759936017,nan,nan,20,1,1,5,1.1950268989018e-06,1.1950268989018e-06,-13.637341863293,1,20
1.45,61,-0.57089113754384,nan,nan,nan,0.42387681237521,2.3591759936017,nan,nan,20,1,1,6,1.13865574803e-07,1.13865574803e-07,-15.988247252713,1,20
1.45,61,-0.57089113754384,nan,nan,nan,0.42387681237521,2.3591759936017,nan,nan,20,1,1,7,1.0860176657965e-08,1.0860176657965e-08,-18.338163255725,1,20
1.45,61,-0.57089113754384,nan,nan,nan,0.42387681237521,2.3591759936017,nan,nan,20,1,1,8,1.0361347090834e-09,1.0361347090834e-09,-20.687768673489,1,20
1.45,61,-0.57089113754384,nan,nan,nan,0.42387681237521,2.3591759936017,nan,nan,20,1,1,9,9.8863927828565e-11,9.8863927828565e-11,-23.037276677617,1,20
1.45,61,-0.57089113754384,nan,nan,nan,0.42387681237521,2.3591759936017,nan,nan,20,1,1,10,9.433498072208e-12,9.433498072208e-12,-25.386754136615,1,20
1.45,61,-0.57089113754384,nan,nan,nan,0.42387681237521,2.3591759936017,nan,nan,20,1,1,11,9.0014366308426e-13,9.0014366308426e-13,-27.736222018676,1,20
1.45,61,-0.57089113754384,nan,nan,nan,0.42387681237521,2.3591759936017,nan,nan,20,1,1,12,8.5891897247357e-14,8.5891897247357e-14,-30.085686898107,1,20
1.45,61,-0.57089113754384,nan,nan,nan,0.42387681237521,2.3591759936017,nan,nan,20,1,1,13,8.1958305769043e-15,8.1958305769043e-15,-32.435150836184,1,20
1.45,61,-0.57089113754384,nan,nan,nan,0.42387681237521,2.3591759936017,nan,nan,20,1,1,14,7.8204884076637e-16,7.8204884076637e-16,-34.784614479075,1,20
1.45,61,-0.57089113754384,nan,nan,nan,0.42387681237521,2.3591759936017,nan,nan,20,1,1,15,7.4623363695258e-17,7.4623363695258e-17,-37.134078029452,1,20
1.45,61,-0.57089113754384,nan,nan,nan,0.42387681237521,2.3591759936017,nan,nan,20,1,1,16,7.1205866956055e-18,7.1205866956055e-18,-39.483541550796,1,20
1.45,61,-0.57089113754384,nan,nan,nan,0.42387681237521,2.3591759936017,nan,nan,20,1,1,17,6.7944880584132e-19,6.7944880584132e-19,-41.833005063047,1,20
1.45,61,-0.57089113754384,nan,nan,nan,0.42387681237521,2.3591759936017,nan,nan,20,1,1,18,6.4833236472097e-20,6.4833236472097e-20,-44.182468572489,1,20
1.45,61,-0.57089113754384,nan,nan,nan,0.42387681237521,2.3591759936017,nan,nan,20,1,1,19,6.1864095122895e-21,6.1864095122895e-21,-46.53193208095,1,20
1.45,61,-0.57089113754384,nan,nan,nan,0.42387681237521,2.3591759936017,nan,nan,20,1,1,20,5.9030930351682e-22,5.9030930351682e-22,-48.881395589076,1,20
