g,N,E0,E1,gap,xi_gap,xi_corr,m_corr,xi_transfer,m_transfer,i0,comp_i,comp_j,r,corr,abs_corr,log_abs_corr,rMin,rMax
0.7,71,-23.334254807347,nan,nan,nan,8.0035053383036,0.12494525307732,nan,nan,20,2,2,1,0.10058930434065,0.10058930434065,-2.2967093456502,1,30
0.7,71,-23.334254807347,nan,nan,nan,8.0035053383036,0.12494525307732,nan,nan,20,2,2,2,0.084935938209089,0.084935938209089,-2.4658579747708,1,30
0.7,71,-23.334254807347,nan,nan,nan,8.0035053383036,0.12494525307732,nan,nan,20,2,2,3,0.07103821231705,0.07103821231705,-2.6445373450708,1,30
0.7,71,-23.334254807347,nan,nan,nan,8.0035053383036,0.12494525307732,nan,nan,20,2,2,4,0.059718658736122,0.059718658736122,-2.818110765771,1,30
0.7,71,-23.334254807347,nan,nan,nan,8.0035053383036,0.12494525307732,nan,nan,20,2,2,5,0.050632489722584,0.050632489722584,-2.9831618193608,1,30
0.7,71,-23.334254807347,nan,nan,nan,8.0035053383036,0.12494525307732,nan,nan,20,2,2,6,0.043288229761532,0.043288229761532,-3.1398745109139,1,30
0.7,71,-23.334254807347,nan,nan,nan,8.0035053383036,0.12494525307732,nan,nan,20,2,2,7,0.037277203960855,0.037277203960855,-3.2893732930275,1,30
0.7,71,-23.334254807347,nan,nan,nan,8.0035053383036,0.12494525307732,nan,nan,20,2,2,8,0.032294755693632,0.032294755693632,-3.432850424362,1,30
0.7,71,-23.334254807347,nan,nan,nan,8.0035053383036,0.12494525307732,nan,nan,20,2,2,9,0.028118402311453,0.028118402311453,-3.5713310304584,1,30
0.7,71,-23.334254807347,nan,nan,nan,8.0035053383036,0.12494525307732,nan,nan,20,2,2,10,0.024584378341399,0.024584378341399,-3.7056440645311,1,30
0.7,71,-23.334254807347,nan,nan,nan,8.0035053383036,0.12494525307732,nan,nan,20,2,2,11,0.021570078798273,0.021570078798273,-3.8364481654457,1,30
0.7,71,-23.334254807347,nan,nan,nan,8.0035053383036,0.12494525307732,nan,nan,20,2,2,12,0.018981954480893,0.018981954480893,-3.964266515291,1,30
0.7,71,-23.334254807347,nan,nan,nan,8.0035053383036,0.12494525307732,nan,nan,20,2,2,13,0.016747322633591,0.016747322633591,-4.089516876258,1,30
0.7,71,-23.334254807347,nan,nan,nan,8.0035053383036,0.12494525307732,nan,nan,20,2,2,14,0.014808773083443,0.014808773083443,-4.212535497926,1,30
0.7,71,-23.334254807347,nan,nan,nan,8.0035053383036,0.12494525307732,nan,nan,20,2,2,15,0.013120284212513,0.013120284212513,-4.3335958331617,1,30
0.7,71,-23.334254807347,nan,nan,nan,8.0035053383036,0.12494525307732,nan,nan,20,2,2,16,0.011644481988107,0.011644481988107,-4.4529228602671,1,30
0.7,71,-23.334254807347,nan,nan,nan,8.0035053383036,0.12494525307732,nan,nan,20,2,2,17,0.010350670664808,0.010350670664808,-4.5707039628379,1,30
0.7,71,-23.334254807347,nan,nan,nan,8.0035053383036,0.12494525307732,nan,nan,20,2,2,18,0.0092133920911295,0.0092133920911295,-4.6870971912969,1,30
0.7,71,-23.334254807347,nan,nan,nan,8.0035053383036,0.12494525307732,nan,nan,20,2,2,19,0.0082113532141766,0.0082113532141766,-4.8022375439871,1,30
0.7,71,-23.334254807347,nan,nan,nan,8.0035053383036,0.12494525307732,nan,nan,20,2,2,20,0.007326614379606,0.007326614379606,-4.9162417552417,1,30
0.7,71,-23.334254807347,nan,nan,nan,8.0035053383036,0.12494525307732,nan,nan,20,2,2,21,0.0065439654208697,0.0065439654208697,-5.0292119637926,1,30
0.7,71,-23.334254807347,nan,nan,nan,8.0035053383036,0.12494525307732,nan,nan,20,2,2,22,0.0058504391834096,0.0058504391834096,-5.1412385464692,1,30
0.7,71,-23.334254807347,nan,nan,nan,8.0035053383036,0.12494525307732,nan,nan,20,2,2,23,0.0052349272380612,0.0052349272380612,-5.2524023338849,1,30
0.7,71,-23.334254807347,nan,nan,nan,8.0035053383036,0.12494525307732,nan,nan,20,2,2,24,0.0046878727422329,0.0046878727422329,-5.362776372504,1,30
0.7,71,-23.334254807347,nan,nan,nan,8.0035053383036,0.12494525307732,nan,nan,20,2,2,25,0.0042010224293512,0.0042010224293512,-5.4724273477586,1,30
0.7,71,-23.334254807347,nan,nan,nan,8.0035053383036,0.12494525307732,nan,nan,20,2,2,26,0.0037672238371506,0.0037672238371506,-5.5814169315038,1,30
0.7,71,-23.334254807347,nan,nan,nan,8.0035053383036,0.12494525307732,nan,nan,20,2,2,27,0.0033802617640177,0.0033802617640177,-5.6898021275103,1,30
0.7,71,-23.334254807347,nan,nan,nan,8.0035053383036,0.12494525307732,nan,nan,20,2,2,28,0.003034714646466,0.003034714646466,-5.7976378798247,1,30
0.7,71,-23.334254807347,nan,nan,nan,8.0035053383036,0.12494525307732,nan,nan,20,2,2,29,0.0027258467966559,0.0027258467966559,-5.9049761480737,1,30
0.7,71,-23.334254807347,nan,nan,nan,8.0035053383036,0.12494525307732,nan,nan,20,2,2,30,0.0024495085704273,0.0024495085704273,-6.0118678580441,1,30
0.75,71,-18.092836667143,nan,nan,nan,4.5336091101094,0.22057481704149,nan,nan,20,2,2,1,0.094337911127524,0.094337911127524,-2.3608721433308,1,30
0.75,71,-18.092836667143,nan,nan,nan,4.5336091101094,0.22057481704149,nan,nan,20,2,2,2,0.071658449756145,0.071658449756145,-2.6358442006613,1,30
0.75,71,-18.092836667143,nan,nan,nan,4.5336091101094,0.22057481704149,nan,nan,20,2,2,3,0.053839509326979,0.053839509326979,-2.9217477072277,1,30
0.75,71,-18.092836667143,nan,nan,nan,4.5336091101094,0.22057481704149,nan,nan,20,2,2,4,0.040778836836562,0.040778836836562,-3.1995920371322,1,30
0.75,71,-18.092836667143,nan,nan,nan,4.5336091101094,0.22057481704149,nan,nan,20,2,2,5,0.031238219628021,0.031238219628021,-3.4661129457748,1,30
0.75,71,-18.092836667143,nan,nan,nan,4.5336091101094,0.22057481704149,nan,nan,20,2,2,6,0.024178731440252,0.024178731440252,-3.722281898354,1,30
0.75,71,-18.092836667143,nan,nan,nan,4.5336091101094,0.22057481704149,nan,nan,20,2,2,7,0.018876039718111,0.018876039718111,-3.9698619009609,1,30
0.75,71,-18.092836667143,nan,nan,nan,4.5336091101094,0.22057481704149,nan,nan,20,2,2,8,0.014839532976905,0.014839532976905,-4.210460512297,1,30
0.75,71,-18.092836667143,nan,nan,nan,4.5336091101094,0.22057481704149,nan,nan,20,2,2,9,0.011732771329923,0.011732771329923,-4.4453693842112,1,30
0.75,71,-18.092836667143,nan,nan,nan,4.5336091101094,0.22057481704149,nan,nan,20,2,2,10,0.0093200240541479,0.0093200240541479,-4.6755900693708,1,30
0.75,71,-18.092836667143,nan,nan,nan,4.5336091101094,0.22057481704149,nan,nan,20,2,2,11,0.0074324972553158,0.0074324972553158,-4.9018933723735,1,30
0.75,71,-18.092836667143,nan,nan,nan,4.5336091101094,0.22057481704149,nan,nan,20,2,2,12,0.005946946805997,0.005946946805997,-5.1248773329762,1,30
0.75,71,-18.092836667143,nan,nan,nan,4.5336091101094,0.22057481704149,nan,nan,20,2,2,13,0.0047718810779095,0.0047718810779095,-5.3450146958639,1,30
0.75,71,-18.092836667143,nan,nan,nan,4.5336091101094,0.22057481704149,nan,nan,20,2,2,14,0.0038384437849285,0.0038384437849285,-5.5626882588658,1,30
0.75,71,-18.092836667143,nan,nan,nan,4.5336091101094,0.22057481704149,nan,nan,20,2,2,15,0.0030942317204254,0.0030942317204254,-5.7782156361562,1,30
0.75,71,-18.092836667143,nan,nan,nan,4.5336091101094,0.22057481704149,nan,nan,20,2,2,16,0.0024989966029115,0.0024989966029115,-5.9918659865094,1,30
0.75,71,-18.092836667143,nan,nan,nan,4.5336091101094,0.22057481704149,nan,nan,20,2,2,17,0.0020215896019554,0.0020215896019554,-6.2038711453763,1,30
0.75,71,-18.092836667143,nan,nan,nan,4.5336091101094,0.22057481704149,nan,nan,20,2,2,18,0.0016377481322063,0.0016377481322063,-6.4144330708162,1,30
0.75,71,-18.092836667143,nan,nan,nan,4.5336091101094,0.22057481704149,nan,nan,20,2,2,19,0.0013284679106339,0.0013284679106339,-6.623728947641,1,30
0.75,71,-18.092836667143,nan,nan,nan,4.5336091101094,0.22057481704149,nan,nan,20,2,2,20,0.001078790432445,0.001078790432445,-6.8319148354393,1,30
0.75,71,-18.092836667143,nan,nan,nan,4.5336091101094,0.22057481704149,nan,nan,20,2,2,21,0.00087689051146361,0.00087689051146361,-7.0391284177831,1,30
0.75,71,-18.092836667143,nan,nan,nan,4.5336091101094,0.22057481704149,nan,nan,20,2,2,22,0.00071338365866919,0.00071338365866919,-7.2454911915687,1,30
0.75,71,-18.092836667143,nan,nan,nan,4.5336091101094,0.22057481704149,nan,nan,20,2,2,23,0.0005807963977378,0.0005807963977378,-7.451110296715,1,30
0.75,71,-18.092836667143,nan,nan,nan,4.5336091101094,0.22057481704149,nan,nan,20,2,2,24,0.00047315851340058,0.00047315851340058,-7.6560801021452,1,30
0.75,71,-18.092836667143,nan,nan,nan,4.5336091101094,0.22057481704149,nan,nan,20,2,2,25,0.00038568730249204,0.00038568730249204,-7.8604836139764,1,30
0.75,71,-18.092836667143,nan,nan,nan,4.5336091101094,0.22057481704149,nan,nan,20,2,2,26,0.00031454174885206,0.00031454174885206,-8.0643937438864,1,30
0.75,71,-18.092836667143,nan,nan,nan,4.5336091101094,0.22057481704149,nan,nan,20,2,2,27,0.00025663018951675,0.00025663018951675,-8.2678744606504,1,30
0.75,71,-18.092836667143,nan,nan,nan,4.5336091101094,0.22057481704149,nan,nan,20,2,2,28,0.00020945914686444,0.00020945914686444,-8.4709818406513,1,30
0.75,71,-18.092836667143,nan,nan,nan,4.5336091101094,0.22057481704149,nan,nan,20,2,2,29,0.00017101401753001,0.00017101401753001,-8.6737650309616,1,30
0.75,71,-18.092836667143,nan,nan,nan,4.5336091101094,0.22057481704149,nan,nan,20,2,2,30,0.00013966454200505,0.00013966454200505,-8.8762671392003,1,30
0.8,71,-13.997920288226,nan,nan,nan,2.9146035871605,0.34309983162212,nan,nan,20,2,2,1,0.086962378323332,0.086962378323332,-2.4422796869188,1,30
0.8,71,-13.997920288226,nan,nan,nan,2.9146035871605,0.34309983162212,nan,nan,20,2,2,2,0.057941683415527,0.057941683415527,-2.848318232601,1,30
0.8,71,-13.997920288226,nan,nan,nan,2.9146035871605,0.34309983162212,nan,nan,20,2,2,3,0.038208263068768,0.038208263068768,-3.2647034760607,1,30
0.8,71,-13.997920288226,nan,nan,nan,2.9146035871605,0.34309983162212,nan,nan,20,2,2,4,0.02548707360716,0.02548707360716,-3.6695838727101,1,30
0.8,71,-13.997920288226,nan,nan,nan,2.9146035871605,0.34309983162212,nan,nan,20,2,2,5,0.017240558369829,0.017240558369829,-4.0604906262299,1,30
0.8,71,-13.997920288226,nan,nan,nan,2.9146035871605,0.34309983162212,nan,nan,20,2,2,6,0.01180301505621,0.01180301505621,-4.4394002669104,1,30
0.8,71,-13.997920288226,nan,nan,nan,2.9146035871605,0.34309983162212,nan,nan,20,2,2,7,0.0081587088013385,0.0081587088013385,-4.8086693576567,1,30
0.8,71,-13.997920288226,nan,nan,nan,2.9146035871605,0.34309983162212,nan,nan,20,2,2,8,0.005683202738566,0.005683202738566,-5.1702403427362,1,30
0.8,71,-13.997920288226,nan,nan,nan,2.9146035871605,0.34309983162212,nan,nan,20,2,2,9,0.0039833771225815,0.0039833771225815,-5.5256252962165,1,30
0.8,71,-13.997920288226,nan,nan,nan,2.9146035871605,0.34309983162212,nan,nan,20,2,2,10,0.0028059783440925,0.0028059783440925,-5.8760030150464,1,30
0.8,71,-13.997920288226,nan,nan,nan,2.9146035871605,0.34309983162212,nan,nan,20,2,2,11,0.0019846622478358,0.0019846622478358,-6.2223065315443,1,30
0.8,71,-13.997920288226,nan,nan,nan,2.9146035871605,0.34309983162212,nan,nan,20,2,2,12,0.0014084207036573,0.0014084207036573,-6.5652862706656,1,30
0.8,71,-13.997920288226,nan,nan,nan,2.9146035871605,0.34309983162212,nan,nan,20,2,2,13,0.001002204694204,0.001002204694204,-6.9055530115502,1,30
0.8,71,-13.997920288226,nan,nan,nan,2.9146035871605,0.34309983162212,nan,nan,20,2,2,14,0.00071472892293074,0.00071472892293074,-7.2436072159259,1,30
0.8,71,-13.997920288226,nan,nan,nan,2.9146035871605,0.34309983162212,nan,nan,20,2,2,15,0.00051063273391361,0.00051063273391361,-7.5798599464895,1,30
0.8,71,-13.997920288226,nan,nan,nan,2.9146035871605,0.34309983162212,nan,nan,20,2,2,16,0.00036535221258666,0.00036535221258666,-7.9146487036713,1,30
0.8,71,-13.997920288226,nan,nan,nan,2.9146035871605,0.34309983162212,nan,nan,20,2,2,17,0.00026171614560342,0.00026171614560342,-8.2482500552475,1,30
0.8,71,-13.997920288226,nan,nan,nan,2.9146035871605,0.34309983162212,nan,nan,20,2,2,18,0.00018765787808542,0.00018765787808542,-8.5808900503952,1,30
0.8,71,-13.997920288226,nan,nan,nan,2.9146035871605,0.34309983162212,nan,nan,20,2,2,19,0.00013466061007159,0.00013466061007159,-8.9127529443986,1,30
0.8,71,-13.997920288226,nan,nan,nan,2.9146035871605,0.34309983162212,nan,nan,20,2,2,20,9.6691163647839e-05,9.6691163647839e-05,-9.2439885387099,1,30
0.8,71,-13.997920288226,nan,nan,nan,2.9146035871605,0.34309983162212,nan,nan,20,2,2,21,6.9462859577305e-05,6.9462859577305e-05,-9.5747183428043,1,30
0.8,71,-13.997920288226,nan,nan,nan,2.9146035871605,0.34309983162212,nan,nan,20,2,2,22,4.9922401834245e-05,4.9922401834245e-05,-9.9050407213938,1,30
0.8,71,-13.997920288226,nan,nan,nan,2.9146035871605,0.34309983162212,nan,nan,20,2,2,23,3.5890598779958e-05,3.5890598779958e-05,-10.235035169189,1,30
0.8,71,-13.997920288226,nan,nan,nan,2.9146035871605,0.34309983162212,nan,nan,20,2,2,24,2.5809553571997e-05,2.5809553571997e-05,-10.56476584109,1,30
0.8,71,-13.997920288226,nan,nan,nan,2.9146035871605,0.34309983162212,nan,nan,20,2,2,25,1.8564034971753e-05,1.8564034971753e-05,-10.894284452739,1,30
0.8,71,-13.997920288226,nan,nan,nan,2.9146035871605,0.34309983162212,nan,nan,20,2,2,26,1.3354827161709e-05,1.3354827161709e-05,-11.223632653327,1,30
0.8,71,-13.997920288226,nan,nan,nan,2.9146035871605,0.34309983162212,nan,nan,20,2,2,27,9.6086775183923e-06,9.6086775183923e-06,-11.552843959604,1,30
0.8,71,-13.997920288226,nan,nan,nan,2.9146035871605,0.34309983162212,nan,nan,20,2,2,28,6.9141167710537e-06,6.9141167710537e-06,-11.881945327534,1,30
0.8,71,-13.997920288226,nan,nan,nan,2.9146035871605,0.34309983162212,nan,nan,20,2,2,29,4.9756306753433e-06,4.9756306753433e-06,-12.210958426475,1,30
0.8,71,-13.997920288226,nan,nan,nan,2.9146035871605,0.34309983162212,nan,nan,20,2,2,30,3.5808846809389e-06,3.5808846809389e-06,-12.539900670499,1,30
0.85,71,-10.823376801661,nan,nan,nan,2.0654198909071,0.48416305294745,nan,nan,20,2,2,1,0.079058865201857,0.079058865201857,-2.5375625748486,1,30
0.85,71,-10.823376801661,nan,nan,nan,2.0654198909071,0.48416305294745,nan,nan,20,2,2,2,0.045395357595941,0.045395357595941,-3.0923454347593,1,30
0.85,71,-10.823376801661,nan,nan,nan,2.0654198909071,0.48416305294745,nan,nan,20,2,2,3,0.02587551429379,0.02587551429379,-3.6544581515056,1,30
0.85,71,-10.823376801661,nan,nan,nan,2.0654198909071,0.48416305294745,nan,nan,20,2,2,4,0.014975780477806,0.014975780477806,-4.2013210176205,1,30
0.85,71,-10.823376801661,nan,nan,nan,2.0654198909071,0.48416305294745,nan,nan,20,2,2,5,0.0088097332519469,0.0088097332519469,-4.7318981173645,1,30
0.85,71,-10.823376801661,nan,nan,nan,2.0654198909071,0.48416305294745,nan,nan,20,2,2,6,0.005252073384397,0.005252073384397,-5.2491323499817,1,30
0.85,71,-10.823376801661,nan,nan,nan,2.0654198909071,0.48416305294745,nan,nan,20,2,2,7,0.0031639446767966,0.0031639446767966,-5.7559357144393,1,30
0.85,71,-10.823376801661,nan,nan,nan,2.0654198909071,0.48416305294745,nan,nan,20,2,2,8,0.001921559210069,0.001921559210069,-6.2546183339303,1,30
0.85,71,-10.823376801661,nan,nan,nan,2.0654198909071,0.48416305294745,nan,nan,20,2,2,9,0.0011743762175688,0.0011743762175688,-6.7470181510168,1,30
0.85,71,-10.823376801661,nan,nan,nan,2.0654198909071,0.48416305294745,nan,nan,20,2,2,10,0.00072118900911124,0.00072118900911124,-7.234609306475,1,30
0.85,71,-10.823376801661,nan,nan,nan,2.0654198909071,0.48416305294745,nan,nan,20,2,2,11,0.00044450056719704,0.00044450056719704,-7.7185592269773,1,30
0.85,71,-10.823376801661,nan,nan,nan,2.0654198909071,0.48416305294745,nan,nan,20,2,2,12,0.0002747146929761,0.0002747146929761,-8.1997774789396,1,30
0.85,71,-10.823376801661,nan,nan,nan,2.0654198909071,0.48416305294745,nan,nan,20,2,2,13,0.00017012411442825,0.00017012411442825,-8.6789823024243,1,30
0.85,71,-10.823376801661,nan,nan,nan,2.0654198909071,0.48416305294745,nan,nan,20,2,2,14,0.00010551260652047,0.00010551260652047,-9.1566801191019,1,30
0.85,71,-10.823376801661,nan,nan,nan,2.0654198909071,0.48416305294745,nan,nan,20,2,2,15,6.5513571103738e-05,6.5513571103738e-05,-9.633253244361,1,30
0.85,71,-10.823376801661,nan,nan,nan,2.0654198909071,0.48416305294745,nan,nan,20,2,2,16,4.0711722716629e-05,4.0711722716629e-05,-10.108994479552,1,30
0.85,71,-10.823376801661,nan,nan,nan,2.0654198909071,0.48416305294745,nan,nan,20,2,2,17,2.531497571362e-05,2.531497571362e-05,-10.58411441191,1,30
0.85,71,-10.823376801661,nan,nan,nan,2.0654198909071,0.48416305294745,nan,nan,20,2,2,18,1.57477300031e-05,1.57477300031e-05,-11.058814329867,1,30
0.85,71,-10.823376801661,nan,nan,nan,2.0654198909071,0.48416305294745,nan,nan,20,2,2,19,9.7991251876236e-06,9.7991251876236e-06,-11.533217442841,1,30
0.85,71,-10.823376801661,nan,nan,nan,2.0654198909071,0.48416305294745,nan,nan,20,2,2,20,6.0987009949295e-06,6.0987009949295e-06,-12.007434761113,1,30
0.85,71,-10.823376801661,nan,nan,nan,2.0654198909071,0.48416305294745,nan,nan,20,2,2,21,3.7961726722818e-06,3.7961726722818e-06,-12.481517190295,1,30
0.85,71,-10.823376801661,nan,nan,nan,2.0654198909071,0.48416305294745,nan,nan,20,2,2,22,2.3631490930416e-06,2.3631490930416e-06,-12.955515466938,1,30
0.85,71,-10.823376801661,nan,nan,nan,2.0654198909071,0.48416305294745,nan,nan,20,2,2,23,1.4711938106306e-06,1.4711938106306e-06,-13.429436370686,1,30
0.85,71,-10.823376801661,nan,nan,nan,2.0654198909071,0.48416305294745,nan,nan,20,2,2,24,9.1599244279605e-07,9.1599244279605e-07,-13.903257722529,1,30
0.85,71,-10.823376801661,nan,nan,nan,2.0654198909071,0.48416305294745,nan,nan,20,2,2,25,5.7037283829894e-07,5.7037283829894e-07,-14.376975587671,1,30
0.85,71,-10.823376801661,nan,nan,nan,2.0654198909071,0.48416305294745,nan,nan,20,2,2,26,3.5519082853173e-07,3.5519082853173e-07,-14.850610646737,1,30
0.85,71,-10.823376801661,nan,nan,nan,2.0654198909071,0.48416305294745,nan,nan,20,2,2,27,2.2120238331296e-07,2.2120238331296e-07,-15.324187792885,1,30
0.85,71,-10.823376801661,nan,nan,nan,2.0654198909071,0.48416305294745,nan,nan,20,2,2,28,1.3776329870174e-07,1.3776329870174e-07,-15.797728851274,1,30
0.85,71,-10.823376801661,nan,nan,nan,2.0654198909071,0.48416305294745,nan,nan,20,2,2,29,8.5799848424684e-08,8.5799848424684e-08,-16.271248597066,1,30
0.85,71,-10.823376801661,nan,nan,nan,2.0654198909071,0.48416305294745,nan,nan,20,2,2,30,5.3437565620423e-08,5.3437565620423e-08,-16.744751862266,1,30
0.9,71,-8.3752515171879,nan,nan,nan,1.5822179704249,0.63202417030534,nan,nan,20,2,2,1,0.07107401252292,0.07107401252292,-2.6440335149933,1,30
0.9,71,-8.3752515171879,nan,nan,nan,1.5822179704249,0.63202417030534,nan,nan,20,2,2,2,0.034761841642083,0.034761841642083,-3.3592349983405,1,30
0.9,71,-8.3752515171879,nan,nan,nan,1.5822179704249,0.63202417030534,nan,nan,20,2,2,3,0.016967533159864,0.016967533159864,-4.0764535750719,1,30
0.9,71,-8.3752515171879,nan,nan,nan,1.5822179704249,0.63202417030534,nan,nan,20,2,2,4,0.0084415447662403,0.0084415447662403,-4.7745899579467,1,30
0.9,71,-8.3752515171879,nan,nan,nan,1.5822179704249,0.63202417030534,nan,nan,20,2,2,5,0.0042774505428991,0.0042774505428991,-5.4543981144158,1,30
0.9,71,-8.3752515171879,nan,nan,nan,1.5822179704249,0.63202417030534,nan,nan,20,2,2,6,0.0021987726258035,0.0021987726258035,-6.1198559716626,1,30
0.9,71,-8.3752515171879,nan,nan,nan,1.5822179704249,0.63202417030534,nan,nan,20,2,2,7,0.001142731953305,0.001142731953305,-6.7743334332158,1,30
0.9,71,-8.3752515171879,nan,nan,nan,1.5822179704249,0.63202417030534,nan,nan,20,2,2,8,0.00059890901280886,0.00059890901280886,-7.4204008698693,1,30
0.9,71,-8.3752515171879,nan,nan,nan,1.5822179704249,0.63202417030534,nan,nan,20,2,2,9,0.00031590617158152,0.00031590617158152,-8.0600653138434,1,30
0.9,71,-8.3752515171879,nan,nan,nan,1.5822179704249,0.63202417030534,nan,nan,20,2,2,10,0.00016743686501833,0.00016743686501833,-8.694904203017,1,30
0.9,71,-8.3752515171879,nan,nan,nan,1.5822179704249,0.63202417030534,nan,nan,20,2,2,11,8.906520929877e-05,8.906520929877e-05,-9.3261417677673,1,30
0.9,71,-8.3752515171879,nan,nan,nan,1.5822179704249,0.63202417030534,nan,nan,20,2,2,12,4.7503229975864e-05,4.7503229975864e-05,-9.9547128497437,1,30
0.9,71,-8.3752515171879,nan,nan,nan,1.5822179704249,0.63202417030534,nan,nan,20,2,2,13,2.5385788768753e-05,2.5385788768753e-05,-10.58132103781,1,30
0.9,71,-8.3752515171879,nan,nan,nan,1.5822179704249,0.63202417030534,nan,nan,20,2,2,14,1.3585730218873e-05,1.3585730218873e-05,-11.206490564681,1,30
0.9,71,-8.3752515171879,nan,nan,nan,1.5822179704249,0.63202417030534,nan,nan,20,2,2,15,7.2783327556301e-06,7.2783327556301e-06,-11.830608739068,1,30
0.9,71,-8.3752515171879,nan,nan,nan,1.5822179704249,0.63202417030534,nan,nan,20,2,2,16,3.9022375129158e-06,3.9022375129158e-06,-12.453960448083,1,30
0.9,71,-8.3752515171879,nan,nan,nan,1.5822179704249,0.63202417030534,nan,nan,20,2,2,17,2.0933307215125e-06,2.0933307215125e-06,-13.076754113838,1,30
0.9,71,-8.3752515171879,nan,nan,nan,1.5822179704249,0.63202417030534,nan,nan,20,2,2,18,1.1234097237041e-06,1.1234097237041e-06,-13.699142101283,1,30
0.9,71,-8.3752515171879,nan,nan,nan,1.5822179704249,0.63202417030534,nan,nan,20,2,2,19,6.030683723239e-07,6.030683723239e-07,-14.321235259709,1,30
0.9,71,-8.3752515171879,nan,nan,nan,1.5822179704249,0.63202417030534,nan,nan,20,2,2,20,3.23808217019e-07,3.23808217019e-07,-14.94311441919,1,30
0.9,71,-8.3752515171879,nan,nan,nan,1.5822179704249,0.63202417030534,nan,nan,20,2,2,21,1.7389082936142e-07,1.7389082936142e-07,-15.564838152104,1,30
0.9,71,-8.3752515171879,nan,nan,nan,1.5822179704249,0.63202417030534,nan,nan,20,2,2,22,9.3393025115025e-08,9.3393025115025e-08,-16.186449172069,1,30
0.9,71,-8.3752515171879,nan,nan,nan,1.5822179704249,0.63202417030534,nan,nan,20,2,2,23,5.0163492259787e-08,5.0163492259787e-08,-16.807978320641,1,30
0.9,71,-8.3752515171879,nan,nan,nan,1.5822179704249,0.63202417030534,nan,nan,20,2,2,24,2.6945537597724e-08,2.6945537597724e-08,-17.429448134091,1,30
0.9,71,-8.3752515171879,nan,nan,nan,1.5822179704249,0.63202417030534,nan,nan,20,2,2,25,1.4474537157374e-08,1.4474537157374e-08,-18.05087478931,1,30
0.9,71,-8.3752515171879,nan,nan,nan,1.5822179704249,0.63202417030534,nan,nan,20,2,2,26,7.7756392273029e-09,7.7756392273029e-09,-18.67227016653,1,30
0.9,71,-8.3752515171879,nan,nan,nan,1.5822179704249,0.63202417030534,nan,nan,20,2,2,27,4.1771245108065e-09,4.1771245108065e-09,-19.293642743208,1,30
0.9,71,-8.3752515171879,nan,nan,nan,1.5822179704249,0.63202417030534,nan,nan,20,2,2,28,2.2440158142029e-09,2.2440158142029e-09,-19.914998801983,1,30
0.9,71,-8.3752515171879,nan,nan,nan,1.5822179704249,0.63202417030534,nan,nan,20,2,2,29,1.2055345571675e-09,1.2055345571675e-09,-20.536342752466,1,30
0.9,71,-8.3752515171879,nan,nan,nan,1.5822179704249,0.63202417030534,nan,nan,20,2,2,30,6.4764533083809e-10,6.4764533083809e-10,-21.157677898369,1,30
0.95,71,-6.4937345952599,nan,nan,nan,1.2551889390869,0.79669280764012,nan,nan,20,2,2,1,0.063324539036783,0.063324539036783,-2.7594823624453,1,30
0.95,71,-6.4937345952599,nan,nan,nan,1.2551889390869,0.79669280764012,nan,nan,20,2,2,2,0.026198863967245,0.026198863967245,-3.642039229184,1,30
0.95,71,-6.4937345952599,nan,nan,nan,1.2551889390869,0.79669280764012,nan,nan,20,2,2,3,0.010894323502394,0.010894323502394,-4.5195134049967,1,30
0.95,71,-6.4937345952599,nan,nan,nan,1.2551889390869,0.79669280764012,nan,nan,20,2,2,4,0.0046349892918819,0.0046349892918819,-5.3741213902406,1,30
0.95,71,-6.4937345952599,nan,nan,nan,1.2551889390869,0.79669280764012,nan,nan,20,2,2,5,0.0020116721765823,0.0020116721765823,-6.208788974124,1,30
0.95,71,-6.4937345952599,nan,nan,nan,1.2551889390869,0.79669280764012,nan,nan,20,2,2,6,0.00088633393274104,0.00088633393274104,-7.0284167791116,1,30
0.95,71,-6.4937345952599,nan,nan,nan,1.2551889390869,0.79669280764012,nan,nan,20,2,2,7,0.00039460772774038,0.00039460772774038,-7.8376183808362,1,30
0.95,71,-6.4937345952599,nan,nan,nan,1.2551889390869,0.79669280764012,nan,nan,20,2,2,8,0.00017690239261369,0.00017690239261369,-8.6399124316571,1,30
0.95,71,-6.4937345952599,nan,nan,nan,1.2551889390869,0.79669280764012,nan,nan,20,2,2,9,7.9660716380076e-05,7.9660716380076e-05,-9.4377339872801,1,30
0.95,71,-6.4937345952599,nan,nan,nan,1.2551889390869,0.79669280764012,nan,nan,20,2,2,10,3.5974713025717e-05,3.5974713025717e-05,-10.23269428227,1,30
0.95,71,-6.4937345952599,nan,nan,nan,1.2551889390869,0.79669280764012,nan,nan,20,2,2,11,1.6275716110873e-05,1.6275716110873e-05,-11.02583637017,1,30
0.95,71,-6.4937345952599,nan,nan,nan,1.2551889390869,0.79669280764012,nan,nan,20,2,2,12,7.3719546100304e-06,7.3719546100304e-06,-11.817827675252,1,30
0.95,71,-6.4937345952599,nan,nan,nan,1.2551889390869,0.79669280764012,nan,nan,20,2,2,13,3.3414944351792e-06,3.3414944351792e-06,-12.609092415363,1,30
0.95,71,-6.4937345952599,nan,nan,nan,1.2551889390869,0.79669280764012,nan,nan,20,2,2,14,1.5152969474576e-06,1.5152969474576e-06,-13.399899133287,1,30
0.95,71,-6.4937345952599,nan,nan,nan,1.2551889390869,0.79669280764012,nan,nan,20,2,2,15,6.8735331059723e-07,6.8735331059723e-07,-14.190417396576,1,30
0.95,71,-6.4937345952599,nan,nan,nan,1.2551889390869,0.79669280764012,nan,nan,20,2,2,16,3.1184670282599e-07,3.1184670282599e-07,-14.980754106979,1,30
0.95,71,-6.4937345952599,nan,nan,nan,1.2551889390869,0.79669280764012,nan,nan,20,2,2,17,1.414985181648e-07,1.414985181648e-07,-15.770976592252,1,30
0.95,71,-6.4937345952599,nan,nan,nan,1.2551889390869,0.79669280764012,nan,nan,20,2,2,18,6.4208693061728e-08,6.4208693061728e-08,-16.561127229471,1,30
0.95,71,-6.4937345952599,nan,nan,nan,1.2551889390869,0.79669280764012,nan,nan,20,2,2,19,2.9137708384596e-08,2.9137708384596e-08,-17.351232680844,1,30
0.95,71,-6.4937345952599,nan,nan,nan,1.2551889390869,0.79669280764012,nan,nan,20,2,2,20,1.3222978607566e-08,1.3222978607566e-08,-18.141309717193,1,30
0.95,71,-6.4937345952599,nan,nan,nan,1.2551889390869,0.79669280764012,nan,nan,20,2,2,21,6.0008249475886e-09,6.0008249475886e-09,-18.931368885905,1,30
0.95,71,-6.4937345952599,nan,nan,nan,1.2551889390869,0.79669280764012,nan,nan,20,2,2,22,2.7233126280222e-09,2.7233126280222e-09,-19.721416819701,1,30
0.95,71,-6.4937345952599,nan,nan,nan,1.2551889390869,0.79669280764012,nan,nan,20,2,2,23,1.2359107499553e-09,1.2359107499553e-09,-20.511457689292,1,30
0.95,71,-6.4937345952599,nan,nan,nan,1.2551889390869,0.79669280764012,nan,nan,20,2,2,24,5.608912288457e-10,5.608912288457e-10,-21.30149411718,1,30
0.95,71,-6.4937345952599,nan,nan,nan,1.2551889390869,0.79669280764012,nan,nan,20,2,2,25,2.5454900299707e-10,2.5454900299707e-10,-22.091527752315,1,30
0.95,71,-6.4937345952599,nan,nan,nan,1.2551889390869,0.79669280764012,nan,nan,20,2,2,26,1.1552205734482e-10,1.1552205734482e-10,-22.881559631517,1,30
0.95,71,-6.4937345952599,nan,nan,nan,1.2551889390869,0.79669280764012,nan,nan,20,2,2,27,5.2427470977172e-11,5.2427470977172e-11,-23.671590406686,1,30
0.95,71,-6.4937345952599,nan,nan,nan,1.2551889390869,0.79669280764012,nan,nan,20,2,2,28,2.3793219098439e-11,2.3793219098439e-11,-24.461620487676,1,30
0.95,71,-6.4937345952599,nan,nan,nan,1.2551889390869,0.79669280764012,nan,nan,20,2,2,29,1.0798108541336e-11,1.0798108541336e-11,-25.251650132198,1,30
0.95,71,-6.4937345952599,nan,nan,nan,1.2551889390869,0.79669280764012,nan,nan,20,2,2,30,4.9005214294794e-12,4.9005214294794e-12,-26.041679502294,1,30
1,71,-5.0503802780379,nan,nan,nan,1.0428050283728,0.95895203110063,nan,nan,20,2,2,1,0.056026384126685,0.056026384126685,-2.8819325540816,1,30
1,71,-5.0503802780379,nan,nan,nan,1.0428050283728,0.95895203110063,nan,nan,20,2,2,2,0.019544426782161,0.019544426782161,-3.9350651082737,1,30
1,71,-5.0503802780379,nan,nan,nan,1.0428050283728,0.95895203110063,nan,nan,20,2,2,3,0.0069092637470647,0.0069092637470647,-4.9748921957846,1,30
1,71,-5.0503802780379,nan,nan,nan,1.0428050283728,0.95895203110063,nan,nan,20,2,2,4,0.0025077708004505,0.0025077708004505,-5.9883610477677,1,30
1,71,-5.0503802780379,nan,nan,nan,1.0428050283728,0.95895203110063,nan,nan,20,2,2,5,0.0009295257123044,0.0009295257123044,-6.9808360886739,1,30
1,71,-5.0503802780379,nan,nan,nan,1.0428050283728,0.95895203110063,nan,nan,20,2,2,6,0.00034961296582423,0.00034961296582423,-7.9586838272727,1,30
1,71,-5.0503802780379,nan,nan,nan,1.0428050283728,0.95895203110063,nan,nan,20,2,2,7,0.00013275167320487,0.00013275167320487,-8.9270302937418,1,30
1,71,-5.0503802780379,nan,nan,nan,1.0428050283728,0.95895203110063,nan,nan,20,2,2,8,5.0707956236072e-05,5.0707956236072e-05,-9.8894277319458,1,30
1,71,-5.0503802780379,nan,nan,nan,1.0428050283728,0.95895203110063,nan,nan,20,2,2,9,1.9440178577478e-05,1.9440178577478e-05,-10.84816857289,1,30
1,71,-5.0503802780379,nan,nan,nan,1.0428050283728,0.95895203110063,nan,nan,20,2,2,10,7.4694952134111e-06,7.4694952134111e-06,-11.804683136282,1,30
1,71,-5.0503802780379,nan,nan,nan,1.0428050283728,0.95895203110063,nan,nan,20,2,2,11,2.8738751220672e-06,2.8738751220672e-06,-12.759849222168,1,30
1,71,-5.0503802780379,nan,nan,nan,1.0428050283728,0.95895203110063,nan,nan,20,2,2,12,1.1066192392148e-06,1.1066192392148e-06,-13.714200920754,1,30
1,71,-5.0503802780379,nan,nan,nan,1.0428050283728,0.95895203110063,nan,nan,20,2,2,13,4.2632595171248e-07,4.2632595171248e-07,-14.668061638386,1,30
1,71,-5.0503802780379,nan,nan,nan,1.0428050283728,0.95895203110063,nan,nan,20,2,2,14,1.6429098883649e-07,1.6429098883649e-07,-15.621626659199,1,30
1,71,-5.0503802780379,nan,nan,nan,1.0428050283728,0.95895203110063,nan,nan,20,2,2,15,6.3323222794374e-08,6.3323222794374e-08,-16.575013706287,1,30
1,71,-5.0503802780379,nan,nan,nan,1.0428050283728,0.95895203110063,nan,nan,20,2,2,16,2.4409494167549e-08,2.4409494167549e-08,-17.528293675102,1,30
1,71,-5.0503802780379,nan,nan,nan,1.0428050283728,0.95895203110063,nan,nan,20,2,2,17,9.4098461341854e-09,9.4098461341854e-09,-18.481509234791,1,30
1,71,-5.0503802780379,nan,nan,nan,1.0428050283728,0.95895203110063,nan,nan,20,2,2,18,3.6276308623226e-09,3.6276308623226e-09,-19.434686056749,1,30
1,71,-5.0503802780379,nan,nan,nan,1.0428050283728,0.95895203110063,nan,nan,20,2,2,19,1.3985363904219e-09,1.3985363904219e-09,-20.387839582587,1,30
1,71,-5.0503802780379,nan,nan,nan,1.0428050283728,0.95895203110063,nan,nan,20,2,2,20,5.3917598299425e-10,5.3917598299425e-10,-21.340979099247,1,30
1,71,-5.0503802780379,nan,nan,nan,1.0428050283728,0.95895203110063,nan,nan,20,2,2,21,2.0786959255908e-10,2.0786959255908e-10,-22.294110191699,1,30
1,71,-5.0503802780379,nan,nan,nan,1.0428050283728,0.95895203110063,nan,nan,20,2,2,22,8.0140784755804e-11,8.0140784755804e-11,-23.247236218457,1,30
1,71,-5.0503802780379,nan,nan,nan,1.0428050283728,0.95895203110063,nan,nan,20,2,2,23,3.0897087285367e-11,3.0897087285367e-11,-24.200359199077,1,30
1,71,-5.0503802780379,nan,nan,nan,1.0428050283728,0.95895203110063,nan,nan,20,2,2,24,1.1911934157844e-11,1.1911934157844e-11,-25.153480347943,1,30
1,71,-5.0503802780379,nan,nan,nan,1.0428050283728,0.95895203110063,nan,nan,20,2,2,25,4.5924824674889e-12,4.5924824674889e-12,-26.106600395469,1,30
1,71,-5.0503802780379,nan,nan,nan,1.0428050283728,0.95895203110063,nan,nan,20,2,2,26,1.7705696574308e-12,1.7705696574308e-12,-27.059719780766,1,30
1,71,-5.0503802780379,nan,nan,nan,1.0428050283728,0.95895203110063,nan,nan,20,2,2,27,6.8261951622531e-13,6.8261951622531e-13,-28.012838767834,1,30
1,71,-5.0503802780379,nan,nan,nan,1.0428050283728,0.95895203110063,nan,nan,20,2,2,28,2.6317491298369e-13,2.6317491298369e-13,-28.965957515414,1,30
1,71,-5.0503802780379,nan,nan,nan,1.0428050283728,0.95895203110063,nan,nan,20,2,2,29,1.0146361647427e-13,1.0146361647427e-13,-29.919076119072,1,30
1,71,-5.0503802780379,nan,nan,nan,1.0428050283728,0.95895203110063,nan,nan,20,2,2,30,3.9117962433437e-14,3.9117962433437e-14,-30.872194636135,1,30
1.05,71,-3.9436196898561,nan,nan,nan,0.89178761032784,1.1213432306291,nan,nan,20,2,2,1,0.049314026150165,0.049314026150165,-3.0095467323091,1,30
1.05,71,-3.9436196898561,nan,nan,nan,0.89178761032784,1.1213432306291,nan,nan,20,2,2,2,0.014499324287844,0.014499324287844,-4.2336532314798,1,30
1.05,71,-3.9436196898561,nan,nan,nan,0.89178761032784,1.1213432306291,nan,nan,20,2,2,3,0.0043578372866625,0.0043578372866625,-5.4357793798565,1,30
1.05,71,-3.9436196898561,nan,nan,nan,0.89178761032784,1.1213432306291,nan,nan,20,2,2,4,0.001349137947445,0.001349137947445,-6.6082894479446,1,30
1.05,71,-3.9436196898561,nan,nan,nan,0.89178761032784,1.1213432306291,nan,nan,20,2,2,5,0.00042687980907344,0.00042687980907344,-7.7590080619377,1,30
1.05,71,-3.9436196898561,nan,nan,nan,0.89178761032784,1.1213432306291,nan,nan,20,2,2,6,0.00013702523318377,0.00013702523318377,-8.8953454652727,1,30
1.05,71,-3.9436196898561,nan,nan,nan,0.89178761032784,1.1213432306291,nan,nan,20,2,2,7,4.4379345621784e-05,4.4379345621784e-05,-10.022736385458,1,30
1.05,71,-3.9436196898561,nan,nan,nan,0.89178761032784,1.1213432306291,nan,nan,20,2,2,8,1.4451240528186e-05,1.4451240528186e-05,-11.144730297389,1,30
1.05,71,-3.9436196898561,nan,nan,nan,0.89178761032784,1.1213432306291,nan,nan,20,2,2,9,4.7208661458733e-06,4.7208661458733e-06,-12.26351826972,1,30
1.05,71,-3.9436196898561,nan,nan,nan,0.89178761032784,1.1213432306291,nan,nan,20,2,2,10,1.5451077737775e-06,1.5451077737775e-06,-13.380416893557,1,30
1.05,71,-3.9436196898561,nan,nan,nan,0.89178761032784,1.1213432306291,nan,nan,20,2,2,11,5.0626436978809e-07,5.0626436978809e-07,-14.496206834162,1,30
1.05,71,-3.9436196898561,nan,nan,nan,0.89178761032784,1.1213432306291,nan,nan,20,2,2,12,1.6598842833375e-07,1.6598842833375e-07,-15.611347759853,1,30
1.05,71,-3.9436196898561,nan,nan,nan,0.89178761032784,1.1213432306291,nan,nan,20,2,2,13,5.444312349797e-08,5.444312349797e-08,-16.726109285754,1,30
1.05,71,-3.9436196898561,nan,nan,nan,0.89178761032784,1.1213432306291,nan,nan,20,2,2,14,1.7860947652079e-08,1.7860947652079e-08,-17.840649202879,1,30
1.05,71,-3.9436196898561,nan,nan,nan,0.89178761032784,1.1213432306291,nan,nan,20,2,2,15,5.8603310666596e-09,5.8603310666596e-09,-18.955059738936,1,30
1.05,71,-3.9436196898561,nan,nan,nan,0.89178761032784,1.1213432306291,nan,nan,20,2,2,16,1.9229704061728e-09,1.9229704061728e-09,-20.069394759864,1,30
1.05,71,-3.9436196898561,nan,nan,nan,0.89178761032784,1.1213432306291,nan,nan,20,2,2,17,6.3101864058396e-10,6.3101864058396e-10,-21.183685712486,1,30
1.05,71,-3.9436196898561,nan,nan,nan,0.89178761032784,1.1213432306291,nan,nan,20,2,2,18,2.0707274679464e-10,2.0707274679464e-10,-22.297950950611,1,30
1.05,71,-3.9436196898561,nan,nan,nan,0.89178761032784,1.1213432306291,nan,nan,20,2,2,19,6.7953247445414e-11,6.7953247445414e-11,-23.412201184782,1,30
1.05,71,-3.9436196898561,nan,nan,nan,0.89178761032784,1.1213432306291,nan,nan,20,2,2,20,2.2299816533708e-11,2.2299816533708e-11,-24.526442664684,1,30
1.05,71,-3.9436196898561,nan,nan,nan,0.89178761032784,1.1213432306291,nan,nan,20,2,2,21,7.3180366811367e-12,7.3180366811367e-12,-25.64067903689,1,30
1.05,71,-3.9436196898561,nan,nan,nan,0.89178761032784,1.1213432306291,nan,nan,20,2,2,22,2.4015363704593e-12,2.4015363704593e-12,-26.754912429028,1,30
1.05,71,-3.9436196898561,nan,nan,nan,0.89178761032784,1.1213432306291,nan,nan,20,2,2,23,7.8810577449091e-13,7.8810577449091e-13,-27.869144082474,1,30
1.05,71,-3.9436196898561,nan,nan,nan,0.89178761032784,1.1213432306291,nan,nan,20,2,2,24,2.5863082878945e-13,2.5863082878945e-13,-28.983374721489,1,30
1.05,71,-3.9436196898561,nan,nan,nan,0.89178761032784,1.1213432306291,nan,nan,20,2,2,25,8.4874324429746e-14,8.4874324429746e-14,-30.097604768654,1,30
1.05,71,-3.9436196898561,nan,nan,nan,0.89178761032784,1.1213432306291,nan,nan,20,2,2,26,2.7853034646156e-14,2.7853034646156e-14,-31.211834470518,1,30
1.05,71,-3.9436196898561,nan,nan,nan,0.89178761032784,1.1213432306291,nan,nan,20,2,2,27,9.1404756446656e-15,9.1404756446656e-15,-32.326063970901,1,30
1.05,71,-3.9436196898561,nan,nan,nan,0.89178761032784,1.1213432306291,nan,nan,20,2,2,28,2.9996122825888e-15,2.9996122825888e-15,-33.440293353732,1,30
1.05,71,-3.9436196898561,nan,nan,nan,0.89178761032784,1.1213432306291,nan,nan,20,2,2,29,9.8437705131223e-16,9.8437705131223e-16,-34.554522668008,1,30
1.05,71,-3.9436196898561,nan,nan,nan,0.89178761032784,1.1213432306291,nan,nan,20,2,2,30,3.2304115553146e-16,3.2304115553146e-16,-35.668751942281,1,30
1.1,71,-3.0941427669491,nan,nan,nan,0.7819972399477,1.2787768919324,nan,nan,20,2,2,1,0.043255132923187,0.043255132923187,-3.1406393723413,1,30
1.1,71,-3.0941427669491,nan,nan,nan,0.7819972399477,1.2787768919324,nan,nan,20,2,2,2,0.010736797560998,0.010736797560998,-4.5340784130435,1,30
1.1,71,-3.0941427669491,nan,nan,nan,0.7819972399477,1.2787768919324,nan,nan,20,2,2,3,0.002747691400783,0.002747691400783,-5.8969942104976,1,30
1.1,71,-3.0941427669491,nan,nan,nan,0.7819972399477,1.2787768919324,nan,nan,20,2,2,4,0.00072638998426567,0.00072638998426567,-7.2274235189528,1,30
1.1,71,-3.0941427669491,nan,nan,nan,0.7819972399477,1.2787768919324,nan,nan,20,2,2,5,0.00019648323869525,0.00019648323869525,-8.5349334295539,1,30
1.1,71,-3.0941427669491,nan,nan,nan,0.7819972399477,1.2787768919324,nan,nan,20,2,2,6,5.3949276845039e-05,5.3949276845039e-05,-9.8274662705198,1,30
1.1,71,-3.0941427669491,nan,nan,nan,0.7819972399477,1.2787768919324,nan,nan,20,2,2,7,1.4951853287726e-05,1.4951853287726e-05,-11.110675300077,1,30
1.1,71,-3.0941427669491,nan,nan,nan,0.7819972399477,1.2787768919324,nan,nan,20,2,2,8,4.1673285146891e-06,4.1673285146891e-06,-12.388235371413,1,30
1.1,71,-3.0941427669491,nan,nan,nan,0.7819972399477,1.2787768919324,nan,nan,20,2,2,9,1.1654280347663e-06,1.1654280347663e-06,-13.662422126609,1,30
1.1,71,-3.0941427669491,nan,nan,nan,0.7819972399477,1.2787768919324,nan,nan,20,2,2,10,3.2657367322399e-07,3.2657367322399e-07,-14.934610268281,1,30
1.1,71,-3.0941427669491,nan,nan,nan,0.7819972399477,1.2787768919324,nan,nan,20,2,2,11,9.1619701670842e-08,9.1619701670842e-08,-16.205619504651,1,30
1.1,71,-3.0941427669491,nan,nan,nan,0.7819972399477,1.2787768919324,nan,nan,20,2,2,12,2.5721589953345e-08,2.5721589953345e-08,-17.475935121706,1,30
1.1,71,-3.0941427669491,nan,nan,nan,0.7819972399477,1.2787768919324,nan,nan,20,2,2,13,7.2240994895551e-09,7.2240994895551e-09,-18.74584324884,1,30
1.1,71,-3.0941427669491,nan,nan,nan,0.7819972399477,1.2787768919324,nan,nan,20,2,2,14,2.0294273214827e-09,2.0294273214827e-09,-20.015512191337,1,30
1.1,71,-3.0941427669491,nan,nan,nan,0.7819972399477,1.2787768919324,nan,nan,20,2,2,15,5.7019608159917e-10,5.7019608159917e-10,-21.28504081145,1,30
1.1,71,-3.0941427669491,nan,nan,nan,0.7819972399477,1.2787768919324,nan,nan,20,2,2,16,1.602177748374e-10,1.602177748374e-10,-22.554487133408,1,30
1.1,71,-3.0941427669491,nan,nan,nan,0.7819972399477,1.2787768919324,nan,nan,20,2,2,17,4.5021309374758e-11,4.5021309374758e-11,-23.823885196582,1,30
1.1,71,-3.0941427669491,nan,nan,nan,0.7819972399477,1.2787768919324,nan,nan,20,2,2,18,1.2651378122911e-11,1.2651378122911e-11,-25.093254964166,1,30
1.1,71,-3.0941427669491,nan,nan,nan,0.7819972399477,1.2787768919324,nan,nan,20,2,2,19,3.5552058776273e-12,3.5552058776273e-12,-26.362608142219,1,30
1.1,71,-3.0941427669491,nan,nan,nan,0.7819972399477,1.2787768919324,nan,nan,20,2,2,20,9.99069954279e-13,9.99069954279e-13,-27.63195159441,1,30
1.1,71,-3.0941427669491,nan,nan,nan,0.7819972399477,1.2787768919324,nan,nan,20,2,2,21,2.8075630474521e-13,2.8075630474521e-13,-28.901289344749,1,30
1.1,71,-3.0941427669491,nan,nan,nan,0.7819972399477,1.2787768919324,nan,nan,20,2,2,22,7.8897744658728e-14,7.8897744658728e-14,-30.170623752274,1,30
1.1,71,-3.0941427669491,nan,nan,nan,0.7819972399477,1.2787768919324,nan,nan,20,2,2,23,2.2171777466175e-14,2.2171777466175e-14,-31.439956200109,1,30
1.1,71,-3.0941427669491,nan,nan,nan,0.7819972399477,1.2787768919324,nan,nan,20,2,2,24,6.2307013076427e-15,6.2307013076427e-15,-32.709287499002,1,30
1.1,71,-3.0941427669491,nan,nan,nan,0.7819972399477,1.2787768919324,nan,nan,20,2,2,25,1.7509496019247e-15,1.7509496019247e-15,-33.978618124474,1,30
1.1,71,-3.0941427669491,nan,nan,nan,0.7819972399477,1.2787768919324,nan,nan,20,2,2,26,4.9205146706014e-16,4.9205146706014e-16,-35.247948355026,1,30
1.1,71,-3.0941427669491,nan,nan,nan,0.7819972399477,1.2787768919324,nan,nan,20,2,2,27,1.3827622566519e-16,1.3827622566519e-16,-36.517278354083,1,30
1.1,71,-3.0941427669491,nan,nan,nan,0.7819972399477,1.2787768919324,nan,nan,20,2,2,28,3.8858368397576e-17,3.8858368397576e-17,-37.786608217506,1,30
1.1,71,-3.0941427669491,nan,nan,nan,0.7819972399477,1.2787768919324,nan,nan,20,2,2,29,1.0919974908025e-17,1.0919974908025e-17,-39.055938001379,1,30
1.1,71,-3.0941427669491,nan,nan,nan,0.7819972399477,1.2787768919324,nan,nan,20,2,2,30,3.0687304297534e-18,3.0687304297534e-18,-40.325267738622,1,30
1.15,71,-2.4406802203292,nan,nan,nan,0.69708031863263,1.4345549189533,nan,nan,20,2,2,1,0.037865139399675,0.037865139399675,-3.2737243949316,1,30
1.15,71,-2.4406802203292,nan,nan,nan,0.69708031863263,1.4345549189533,nan,nan,20,2,2,2,0.0079588508430533,0.0079588508430533,-4.8334706559983,1,30
1.15,71,-2.4406802203292,nan,nan,nan,0.69708031863263,1.4345549189533,nan,nan,20,2,2,3,0.0017389007830923,0.0017389007830923,-6.3545020992386,1,30
1.15,71,-2.4406802203292,nan,nan,nan,0.69708031863263,1.4345549189533,nan,nan,20,2,2,4,0.00039341877854381,0.00039341877854381,-7.8406359191785,1,30
1.15,71,-2.4406802203292,nan,nan,nan,0.69708031863263,1.4345549189533,nan,nan,20,2,2,5,9.1151644862129e-05,9.1151644862129e-05,-9.30298601134,1,30
1.15,71,-2.4406802203292,nan,nan,nan,0.69708031863263,1.4345549189533,nan,nan,20,2,2,6,2.1447075348795e-05,2.1447075348795e-05,-10.749922269262,1,30
1.15,71,-2.4406802203292,nan,nan,nan,0.69708031863263,1.4345549189533,nan,nan,20,2,2,7,5.0949694343966e-06,5.0949694343966e-06,-12.187256890445,1,30
1.15,71,-2.4406802203292,nan,nan,nan,0.69708031863263,1.4345549189533,nan,nan,20,2,2,8,1.2174473466377e-06,1.2174473466377e-06,-13.61875423004,1,30
1.15,71,-2.4406802203292,nan,nan,nan,0.69708031863263,1.4345549189533,nan,nan,20,2,2,9,2.9193007628242e-07,2.9193007628242e-07,-15.046751528141,1,30
1.15,71,-2.4406802203292,nan,nan,nan,0.69708031863263,1.4345549189533,nan,nan,20,2,2,10,7.0147432801706e-08,7.0147432801706e-08,-16.472666626909,1,30
1.15,71,-2.4406802203292,nan,nan,nan,0.69708031863263,1.4345549189533,nan,nan,20,2,2,11,1.6876417109369e-08,1.6876417109369e-08,-17.897348626862,1,30
1.15,71,-2.4406802203292,nan,nan,nan,0.69708031863263,1.4345549189533,nan,nan,20,2,2,12,4.0631702798555e-09,4.0631702798555e-09,-19.321302310936,1,30
1.15,71,-2.4406802203292,nan,nan,nan,0.69708031863263,1.4345549189533,nan,nan,20,2,2,13,9.7867011207137e-10,9.7867011207137e-10,-20.74482649436,1,30
1.15,71,-2.4406802203292,nan,nan,nan,0.69708031863263,1.4345549189533,nan,nan,20,2,2,14,2.3578573467478e-10,2.3578573467478e-10,-22.168097627218,1,30
1.15,71,-2.4406802203292,nan,nan,nan,0.69708031863263,1.4345549189533,nan,nan,20,2,2,15,5.681505626712e-11,5.681505626712e-11,-23.591219750202,1,30
1.15,71,-2.4406802203292,nan,nan,nan,0.69708031863263,1.4345549189533,nan,nan,20,2,2,16,1.3691387148974e-11,1.3691387148974e-11,-25.014254156051,1,30
1.15,71,-2.4406802203292,nan,nan,nan,0.69708031863263,1.4345549189533,nan,nan,20,2,2,17,3.2995436810496e-12,3.2995436810496e-12,-26.437236935487,1,30
1.15,71,-2.4406802203292,nan,nan,nan,0.69708031863263,1.4345549189533,nan,nan,20,2,2,18,7.9519475656033e-13,7.9519475656033e-13,-27.860189333453,1,30
1.15,71,-2.4406802203292,nan,nan,nan,0.69708031863263,1.4345549189533,nan,nan,20,2,2,19,1.9164650241811e-13,1.9164650241811e-13,-29.283123853091,1,30
1.15,71,-2.4406802203292,nan,nan,nan,0.69708031863263,1.4345549189533,nan,nan,20,2,2,20,4.6188393451415e-14,4.6188393451415e-14,-30.70604785238,1,30
1.15,71,-2.4406802203292,nan,nan,nan,0.69708031863263,1.4345549189533,nan,nan,20,2,2,21,1.113185405277e-14,1.113185405277e-14,-32.128965661936,1,30
1.15,71,-2.4406802203292,nan,nan,nan,0.69708031863263,1.4345549189533,nan,nan,20,2,2,22,2.6828953505697e-15,2.6828953505697e-15,-33.551879828861,1,30
1.15,71,-2.4406802203292,nan,nan,nan,0.69708031863263,1.4345549189533,nan,nan,20,2,2,23,6.466077311662e-16,6.466077311662e-16,-34.974791852029,1,30
1.15,71,-2.4406802203292,nan,nan,nan,0.69708031863263,1.4345549189533,nan,nan,20,2,2,24,1.5583987839796e-16,1.5583987839796e-16,-36.397702614299,1,30
1.15,71,-2.4406802203292,nan,nan,nan,0.69708031863263,1.4345549189533,nan,nan,20,2,2,25,3.7559225703776e-17,3.7559225703776e-17,-37.820612634681,1,30
1.15,71,-2.4406802203292,nan,nan,nan,0.69708031863263,1.4345549189533,nan,nan,20,2,2,26,9.0522147863203e-18,9.0522147863203e-18,-39.243522218352,1,30
1.15,71,-2.4406802203292,nan,nan,nan,0.69708031863263,1.4345549189533,nan,nan,20,2,2,27,2.181690704169e-18,2.181690704169e-18,-40.666431545306,1,30
1.15,71,-2.4406802203292,nan,nan,nan,0.69708031863263,1.4345549189533,nan,nan,20,2,2,28,5.2581331302019e-19,5.2581331302019e-19,-42.089340721348,1,30
1.15,71,-2.4406802203292,nan,nan,nan,0.69708031863263,1.4345549189533,nan,nan,20,2,2,29,1.2672725064912e-19,1.2672725064912e-19,-43.512249808571,1,30
1.15,71,-2.4406802203292,nan,nan,nan,0.69708031863263,1.4345549189533,nan,nan,20,2,2,30,3.0542773453287e-20,3.0542773453287e-20,-44.935158843413,1,30
1.2,71,-1.9363222319541,nan,nan,nan,0.60855365833066,1.6432404707633,nan,nan,20,2,2,1,0.033122207457645,0.033122207457645,-3.4075513013949,1,30
1.2,71,-1.9363222319541,nan,nan,nan,0.60855365833066,1.6432404707633,nan,nan,20,2,2,2,0.0059183474399448,0.0059183474399448,-5.1296980177134,1,30
1.2,71,-1.9363222319541,nan,nan,nan,0.60855365833066,1.6432404707633,nan,nan,20,2,2,3,0.001107756967664,0.001107756967664,-6.8054180579799,1,30
1.2,71,-1.9363222319541,nan,nan,nan,0.60855365833066,1.6432404707633,nan,nan,20,2,2,4,0.00021242932186746,0.00021242932186746,-8.4569012279011,1,30
1.2,71,-1.9363222319541,nan,nan,nan,0.60855365833066,1.6432404707633,nan,nan,20,2,2,5,4.106611153114e-05,4.106611153114e-05,-10.100327313535,1,30
1.2,71,-1.9363222319541,nan,nan,nan,0.60855365833066,1.6432404707633,nan,nan,20,2,2,6,7.958974484169e-06,7.958974484169e-06,-11.741210400055,1,30
1.2,71,-1.9363222319541,nan,nan,nan,0.60855365833066,1.6432404707633,nan,nan,20,2,2,7,1.5437452321438e-06,1.5437452321438e-06,-13.381299125065,1,30
1.2,71,-1.9363222319541,nan,nan,nan,0.60855365833066,1.6432404707633,nan,nan,20,2,2,8,2.9950331201094e-07,2.9950331201094e-07,-15.021140360985,1,30
1.2,71,-1.9363222319541,nan,nan,nan,0.60855365833066,1.6432404707633,nan,nan,20,2,2,9,5.8111366989609e-08,5.8111366989609e-08,-16.660904546965,1,30
1.2,71,-1.9363222319541,nan,nan,nan,0.60855365833066,1.6432404707633,nan,nan,20,2,2,10,1.1275374347331e-08,1.1275374347331e-08,-18.300644750572,1,30
1.2,71,-1.9363222319541,nan,nan,nan,0.60855365833066,1.6432404707633,nan,nan,20,2,2,11,2.1877822225537e-09,2.1877822225537e-09,-19.940377489994,1,30
1.2,71,-1.9363222319541,nan,nan,nan,0.60855365833066,1.6432404707633,nan,nan,20,2,2,12,4.2450051102819e-10,4.2450051102819e-10,-21.580107906342,1,30
1.2,71,-1.9363222319541,nan,nan,nan,0.60855365833066,1.6432404707633,nan,nan,20,2,2,13,8.2366888391231e-11,8.2366888391231e-11,-23.219837599685,1,30
1.2,71,-1.9363222319541,nan,nan,nan,0.60855365833066,1.6432404707633,nan,nan,20,2,2,14,1.5981855506911e-11,1.5981855506911e-11,-24.859567068006,1,30
1.2,71,-1.9363222319541,nan,nan,nan,0.60855365833066,1.6432404707633,nan,nan,20,2,2,15,3.1010000295013e-12,3.1010000295013e-12,-26.499296466297,1,30
1.2,71,-1.9363222319541,nan,nan,nan,0.60855365833066,1.6432404707633,nan,nan,20,2,2,16,6.0169492762479e-13,6.0169492762479e-13,-28.139025842793,1,30
1.2,71,-1.9363222319541,nan,nan,nan,0.60855365833066,1.6432404707633,nan,nan,20,2,2,17,1.1674839888463e-13,1.1674839888463e-13,-29.778755212506,1,30
1.2,71,-1.9363222319541,nan,nan,nan,0.60855365833066,1.6432404707633,nan,nan,20,2,2,18,2.2652989156279e-14,2.2652989156279e-14,-31.418484580109,1,30
1.2,71,-1.9363222319541,nan,nan,nan,0.60855365833066,1.6432404707633,nan,nan,20,2,2,19,4.3954171787807e-15,4.3954171787807e-15,-33.058213947054,1,30
1.2,71,-1.9363222319541,nan,nan,nan,0.60855365833066,1.6432404707633,nan,nan,20,2,2,20,8.5285398965136e-16,8.5285398965136e-16,-34.697943313795,1,30
1.2,71,-1.9363222319541,nan,nan,nan,0.60855365833066,1.6432404707633,nan,nan,20,2,2,21,1.6548143171073e-16,1.6548143171073e-16,-36.337672680471,1,30
1.2,71,-1.9363222319541,nan,nan,nan,0.60855365833066,1.6432404707633,nan,nan,20,2,2,22,3.2108783653328e-17,3.2108783653328e-17,-37.977402047128,1,30
1.2,71,-1.9363222319541,nan,nan,nan,0.60855365833066,1.6432404707633,nan,nan,20,2,2,23,6.2301490689532e-18,6.2301490689532e-18,-39.617131413779,1,30
1.2,71,-1.9363222319541,nan,nan,nan,0.60855365833066,1.6432404707633,nan,nan,20,2,2,24,1.2088516911915e-18,1.2088516911915e-18,-41.256860780429,1,30
1.2,71,-1.9363222319541,nan,nan,nan,0.60855365833066,1.6432404707633,nan,nan,20,2,2,25,2.3455657242299e-19,2.3455657242299e-19,-42.896590147078,1,30
1.2,71,-1.9363222319541,nan,nan,nan,0.60855365833066,1.6432404707633,nan,nan,20,2,2,26,4.5511609130974e-20,4.5511609130974e-20,-44.536319513726,1,30
1.2,71,-1.9363222319541,nan,nan,nan,0.60855365833066,1.6432404707633,nan,nan,20,2,2,27,8.8307334315722e-21,8.8307334315722e-21,-46.176048880375,1,30
1.2,71,-1.9363222319541,nan,nan,nan,0.60855365833066,1.6432404707633,nan,nan,20,2,2,28,1.7134496984074e-21,1.7134496984074e-21,-47.815778247024,1,30
1.2,71,-1.9363222319541,nan,nan,nan,0.60855365833066,1.6432404707633,nan,nan,20,2,2,29,3.3246500890556e-22,3.3246500890556e-22,-49.455507613673,1,30
1.2,71,-1.9363222319541,nan,nan,nan,0.60855365833066,1.6432404707633,nan,nan,20,2,2,30,6.4509032421198e-23,6.4509032421198e-23,-51.095236980322,1,30
1.25,71,-1.5454002707419,nan,nan,nan,0.55756345599461,1.793517830569,nan,nan,20,2,2,1,0.028981037899879,0.028981037899879,-3.5411135283804,1,30
1.25,71,-1.5454002707419,nan,nan,nan,0.55756345599461,1.793517830569,nan,nan,20,2,2,2,0.0044216459313063,0.0044216459313063,-5.4212432695613,1,30
1.25,71,-1.5454002707419,nan,nan,nan,0.55756345599461,1.793517830569,nan,nan,20,2,2,3,0.00071128806702389,0.00071128806702389,-7.248433052657,1,30
1.25,71,-1.5454002707419,nan,nan,nan,0.55756345599461,1.793517830569,nan,nan,20,2,2,4,0.0001174207918628,0.0001174207918628,-9.0497465635016,1,30
1.25,71,-1.5454002707419,nan,nan,nan,0.55756345599461,1.793517830569,nan,nan,20,2,2,5,1.9551108822571e-05,1.9551108822571e-05,-10.842478555874,1,30
1.25,71,-1.5454002707419,nan,nan,nan,0.55756345599461,1.793517830569,nan,nan,20,2,2,6,3.264215412719e-06,3.264215412719e-06,-12.632491126496,1,30
1.25,71,-1.5454002707419,nan,nan,nan,0.55756345599461,1.793517830569,nan,nan,20,2,2,7,5.4545243569309e-07,5.4545243569309e-07,-14.421650229438,1,30
1.25,71,-1.5454002707419,nan,nan,nan,0.55756345599461,1.793517830569,nan,nan,20,2,2,8,9.116979592329e-08,9.116979592329e-08,-16.210542179772,1,30
1.25,71,-1.5454002707419,nan,nan,nan,0.55756345599461,1.793517830569,nan,nan,20,2,2,9,1.523987374294e-08,1.523987374294e-08,-17.999350571306,1,30
1.25,71,-1.5454002707419,nan,nan,nan,0.55756345599461,1.793517830569,nan,nan,20,2,2,10,2.5475522671041e-09,2.5475522671041e-09,-19.788132834024,1,30
1.25,71,-1.5454002707419,nan,nan,nan,0.55756345599461,1.793517830569,nan,nan,20,2,2,11,4.2586150554227e-10,4.2586150554227e-10,-21.576906926878,1,30
1.25,71,-1.5454002707419,nan,nan,nan,0.55756345599461,1.793517830569,nan,nan,20,2,2,12,7.1189308857768e-11,7.1189308857768e-11,-23.365678465277,1,30
1.25,71,-1.5454002707419,nan,nan,nan,0.55756345599461,1.793517830569,nan,nan,20,2,2,13,1.1900398785479e-11,1.1900398785479e-11,-25.154449204988,1,30
1.25,71,-1.5454002707419,nan,nan,nan,0.55756345599461,1.793517830569,nan,nan,20,2,2,14,1.9893370070888e-12,1.9893370070888e-12,-26.94321969497,1,30
1.25,71,-1.5454002707419,nan,nan,nan,0.55756345599461,1.793517830569,nan,nan,20,2,2,15,3.3254869085385e-13,3.3254869085385e-13,-28.731990106878,1,30
1.25,71,-1.5454002707419,nan,nan,nan,0.55756345599461,1.793517830569,nan,nan,20,2,2,16,5.5590698857882e-14,5.5590698857882e-14,-30.520760494377,1,30
1.25,71,-1.5454002707419,nan,nan,nan,0.55756345599461,1.793517830569,nan,nan,20,2,2,17,9.2928521690147e-15,9.2928521690147e-15,-32.30953087424,1,30
1.25,71,-1.5454002707419,nan,nan,nan,0.55756345599461,1.793517830569,nan,nan,20,2,2,18,1.5534451520782e-15,1.5534451520782e-15,-34.098301251716,1,30
1.25,71,-1.5454002707419,nan,nan,nan,0.55756345599461,1.793517830569,nan,nan,20,2,2,19,2.5968258166862e-16,2.5968258166862e-16,-35.887071628445,1,30
1.25,71,-1.5454002707419,nan,nan,nan,0.55756345599461,1.793517830569,nan,nan,20,2,2,20,4.3409993038677e-17,4.3409993038677e-17,-37.675842004944,1,30
1.25,71,-1.5454002707419,nan,nan,nan,0.55756345599461,1.793517830569,nan,nan,20,2,2,21,7.2566572762044e-18,7.2566572762044e-18,-39.464612381362,1,30
1.25,71,-1.5454002707419,nan,nan,nan,0.55756345599461,1.793517830569,nan,nan,20,2,2,22,1.2130634247821e-18,1.2130634247821e-18,-41.253382757761,1,30
1.25,71,-1.5454002707419,nan,nan,nan,0.55756345599461,1.793517830569,nan,nan,20,2,2,23,2.0278246809082e-19,2.0278246809082e-19,-43.042153134151,1,30
1.25,71,-1.5454002707419,nan,nan,nan,0.55756345599461,1.793517830569,nan,nan,20,2,2,24,3.3898251752481e-20,3.3898251752481e-20,-44.830923510542,1,30
1.25,71,-1.5454002707419,nan,nan,nan,0.55756345599461,1.793517830569,nan,nan,20,2,2,25,5.6666213933318e-21,5.6666213933318e-21,-46.619693886931,1,30
1.25,71,-1.5454002707419,nan,nan,nan,0.55756345599461,1.793517830569,nan,nan,20,2,2,26,9.4726413178692e-22,9.4726413178692e-22,-48.408464263319,1,30
1.25,71,-1.5454002707419,nan,nan,nan,0.55756345599461,1.793517830569,nan,nan,20,2,2,27,1.5834997136431e-22,1.5834997136431e-22,-50.19723463971,1,30
1.25,71,-1.5454002707419,nan,nan,nan,0.55756345599461,1.793517830569,nan,nan,20,2,2,28,2.6470667039656e-23,2.6470667039656e-23,-51.9860050161,1,30
1.25,71,-1.5454002707419,nan,nan,nan,0.55756345599461,1.793517830569,nan,nan,20,2,2,29,4.4249847820484e-24,4.4249847820484e-24,-53.774775392488,1,30
1.25,71,-1.5454002707419,nan,nan,nan,0.55756345599461,1.793517830569,nan,nan,20,2,2,30,7.3970520999835e-25,7.3970520999835e-25,-55.563545768876,1,30
1.3,71,-1.2409183315502,nan,nan,nan,0.51549211556692,1.9398938796576,nan,nan,20,2,2,1,0.025384081276321,0.025384081276321,-3.6736330228343,1,30
1.3,71,-1.2409183315502,nan,nan,nan,0.51549211556692,1.9398938796576,nan,nan,20,2,2,2,0.0033223303099913,0.0033223303099913,-5.707088841671,1,30
1.3,71,-1.2409183315502,nan,nan,nan,0.51549211556692,1.9398938796576,nan,nan,20,2,2,3,0.00046113406789704,0.00046113406789704,-7.6818217375142,1,30
1.3,71,-1.2409183315502,nan,nan,nan,0.51549211556692,1.9398938796576,nan,nan,20,2,2,4,6.5777184555804e-05,6.5777184555804e-05,-9.6292375190345,1,30
1.3,71,-1.2409183315502,nan,nan,nan,0.51549211556692,1.9398938796576,nan,nan,20,2,2,5,9.4678879939733e-06,9.4678879939733e-06,-11.567604696339,1,30
1.3,71,-1.2409183315502,nan,nan,nan,0.51549211556692,1.9398938796576,nan,nan,20,2,2,6,1.3667217267566e-06,1.3667217267566e-06,-13.503095585863,1,30
1.3,71,-1.2409183315502,nan,nan,nan,0.51549211556692,1.9398938796576,nan,nan,20,2,2,7,1.9746968859779e-07,1.9746968859779e-07,-15.437680739838,1,30
1.3,71,-1.2409183315502,nan,nan,nan,0.51549211556692,1.9398938796576,nan,nan,20,2,2,8,2.8539365904956e-08,2.8539365904956e-08,-17.371981442911,1,30
1.3,71,-1.2409183315502,nan,nan,nan,0.51549211556692,1.9398938796576,nan,nan,20,2,2,9,4.1250285918948e-09,4.1250285918948e-09,-19.306192885815,1,30
1.3,71,-1.2409183315502,nan,nan,nan,0.51549211556692,1.9398938796576,nan,nan,20,2,2,10,5.9624090578369e-10,5.9624090578369e-10,-21.240376326197,1,30
1.3,71,-1.2409183315502,nan,nan,nan,0.51549211556692,1.9398938796576,nan,nan,20,2,2,11,8.6182757920937e-11,8.6182757920937e-11,-23.174550982385,1,30
1.3,71,-1.2409183315502,nan,nan,nan,0.51549211556692,1.9398938796576,nan,nan,20,2,2,12,1.2457193320657e-11,1.2457193320657e-11,-25.108722883107,1,30
1.3,71,-1.2409183315502,nan,nan,nan,0.51549211556692,1.9398938796576,nan,nan,20,2,2,13,1.80061306115e-12,1.80061306115e-12,-27.042893919486,1,30
1.3,71,-1.2409183315502,nan,nan,nan,0.51549211556692,1.9398938796576,nan,nan,20,2,2,14,2.6026795856618e-13,2.6026795856618e-13,-28.977064684739,1,30
1.3,71,-1.2409183315502,nan,nan,nan,0.51549211556692,1.9398938796576,nan,nan,20,2,2,15,3.7620195853729e-14,3.7620195853729e-14,-30.911235364945,1,30
1.3,71,-1.2409183315502,nan,nan,nan,0.51549211556692,1.9398938796576,nan,nan,20,2,2,16,5.4377772109762e-15,5.4377772109762e-15,-32.845406018466,1,30
1.3,71,-1.2409183315502,nan,nan,nan,0.51549211556692,1.9398938796576,nan,nan,20,2,2,17,7.8599859922914e-16,7.8599859922914e-16,-34.779576663616,1,30
1.3,71,-1.2409183315502,nan,nan,nan,0.51549211556692,1.9398938796576,nan,nan,20,2,2,18,1.1361145843933e-16,1.1361145843933e-16,-36.713747306149,1,30
1.3,71,-1.2409183315502,nan,nan,nan,0.51549211556692,1.9398938796576,nan,nan,20,2,2,19,1.6421865779384e-17,1.6421865779384e-17,-38.647917947859,1,30
1.3,71,-1.2409183315502,nan,nan,nan,0.51549211556692,1.9398938796576,nan,nan,20,2,2,20,2.3736837767173e-18,2.3736837767173e-18,-40.582088589308,1,30
1.3,71,-1.2409183315502,nan,nan,nan,0.51549211556692,1.9398938796576,nan,nan,20,2,2,21,3.4310198049241e-19,3.4310198049241e-19,-42.51625923068,1,30
1.3,71,-1.2409183315502,nan,nan,nan,0.51549211556692,1.9398938796576,nan,nan,20,2,2,22,4.9593366300722e-20,4.9593366300722e-20,-44.450429872026,1,30
1.3,71,-1.2409183315502,nan,nan,nan,0.51549211556692,1.9398938796576,nan,nan,20,2,2,23,7.1684283999832e-21,7.1684283999832e-21,-46.384600513366,1,30
1.3,71,-1.2409183315502,nan,nan,nan,0.51549211556692,1.9398938796576,nan,nan,20,2,2,24,1.0361540173401e-21,1.0361540173401e-21,-48.318771154701,1,30
1.3,71,-1.2409183315502,nan,nan,nan,0.51549211556692,1.9398938796576,nan,nan,20,2,2,25,1.4976994785306e-22,1.4976994785306e-22,-50.252941796033,1,30
1.3,71,-1.2409183315502,nan,nan,nan,0.51549211556692,1.9398938796576,nan,nan,20,2,2,26,2.164836202395e-23,2.164836202395e-23,-52.187112437363,1,30
1.3,71,-1.2409183315502,nan,nan,nan,0.51549211556692,1.9398938796576,nan,nan,20,2,2,27,3.1291429625204e-24,3.1291429625204e-24,-54.12128307869,1,30
1.3,71,-1.2409183315502,nan,nan,nan,0.51549211556692,1.9398938796576,nan,nan,20,2,2,28,4.5229914711292e-25,4.5229914711292e-25,-56.055453720024,1,30
1.3,71,-1.2409183315502,nan,nan,nan,0.51549211556692,1.9398938796576,nan,nan,20,2,2,29,6.5377172256816e-26,6.5377172256816e-26,-57.989624361368,1,30
1.3,71,-1.2409183315502,nan,nan,nan,0.51549211556692,1.9398938796576,nan,nan,20,2,2,30,9.4498843953837e-27,9.4498843953837e-27,-59.923795002701,1,30
1.35,71,-1.0024933306651,nan,nan,nan,0.48014854917877,2.082688788106,nan,nan,20,2,2,1,0.022269655684266,0.022269655684266,-3.8045302587993,1,30
1.35,71,-1.0024933306651,nan,nan,nan,0.48014854917877,2.082688788106,nan,nan,20,2,2,2,0.0025122114638917,0.0025122114638917,-5.9865918524337,1,30
1.35,71,-1.0024933306651,nan,nan,nan,0.48014854917877,2.082688788106,nan,nan,20,2,2,3,0.00030207401915217,0.00030207401915217,-8.1048384740903,1,30
1.35,71,-1.0024933306651,nan,nan,nan,0.48014854917877,2.082688788106,nan,nan,20,2,2,4,3.7374702578891e-05,3.7374702578891e-05,-10.194516484041,1,30
1.35,71,-1.0024933306651,nan,nan,nan,0.48014854917877,2.082688788106,nan,nan,20,2,2,5,4.6682015945241e-06,4.6682015945241e-06,-12.274736657985,1,30
1.35,71,-1.0024933306651,nan,nan,nan,0.48014854917877,2.082688788106,nan,nan,20,2,2,6,5.8483073481912e-07,5.8483073481912e-07,-14.351943373772,1,30
1.35,71,-1.0024933306651,nan,nan,nan,0.48014854917877,2.082688788106,nan,nan,20,2,2,7,7.3337128054326e-08,7.3337128054326e-08,-16.428198834406,1,30
1.35,71,-1.0024933306651,nan,nan,nan,0.48014854917877,2.082688788106,nan,nan,20,2,2,8,9.1991491977152e-09,9.1991491977152e-09,-18.504154835677,1,30
1.35,71,-1.0024933306651,nan,nan,nan,0.48014854917877,2.082688788106,nan,nan,20,2,2,9,1.1540173368504e-09,1.1540173368504e-09,-20.580016645706,1,30
1.35,71,-1.0024933306651,nan,nan,nan,0.48014854917877,2.082688788106,nan,nan,20,2,2,10,1.4477376448333e-10,1.4477376448333e-10,-22.6558488369,1,30
1.35,71,-1.0024933306651,nan,nan,nan,0.48014854917877,2.082688788106,nan,nan,20,2,2,11,1.8162325129765e-11,1.8162325129765e-11,-24.731671715171,1,30
1.35,71,-1.0024933306651,nan,nan,nan,0.48014854917877,2.082688788106,nan,nan,20,2,2,12,2.2785276137671e-12,2.2785276137671e-12,-26.807491665006,1,30
1.35,71,-1.0024933306651,nan,nan,nan,0.48014854917877,2.082688788106,nan,nan,20,2,2,13,2.8584957205001e-13,2.8584957205001e-13,-28.883310694316,1,30
1.35,71,-1.0024933306651,nan,nan,nan,0.48014854917877,2.082688788106,nan,nan,20,2,2,14,3.5860878314326e-14,3.5860878314326e-14,-30.959129434163,1,30
1.35,71,-1.0024933306651,nan,nan,nan,0.48014854917877,2.082688788106,nan,nan,20,2,2,15,4.4988792574893e-15,4.4988792574893e-15,-33.034948083045,1,30
1.35,71,-1.0024933306651,nan,nan,nan,0.48014854917877,2.082688788106,nan,nan,20,2,2,16,5.6440098805982e-16,5.6440098805982e-16,-35.110766703278,1,30
1.35,71,-1.0024933306651,nan,nan,nan,0.48014854917877,2.082688788106,nan,nan,20,2,2,17,7.0806185264774e-17,7.0806185264774e-17,-37.186585314512,1,30
1.35,71,-1.0024933306651,nan,nan,nan,0.48014854917877,2.082688788106,nan,nan,20,2,2,18,8.8828970749998e-18,8.8828970749998e-18,-39.262403922911,1,30
1.35,71,-1.0024933306651,nan,nan,nan,0.48014854917877,2.082688788106,nan,nan,20,2,2,19,1.1143921992086e-18,1.1143921992086e-18,-41.338222530426,1,30
1.35,71,-1.0024933306651,nan,nan,nan,0.48014854917877,2.082688788106,nan,nan,20,2,2,20,1.3980461143732e-19,1.3980461143732e-19,-43.414041137659,1,30
1.35,71,-1.0024933306651,nan,nan,nan,0.48014854917877,2.082688788106,nan,nan,20,2,2,21,1.7539004126913e-20,1.7539004126913e-20,-45.4898597448,1,30
1.35,71,-1.0024933306651,nan,nan,nan,0.48014854917877,2.082688788106,nan,nan,20,2,2,22,2.2003327544586e-21,2.2003327544586e-21,-47.565678351921,1,30
1.35,71,-1.0024933306651,nan,nan,nan,0.48014854917877,2.082688788106,nan,nan,20,2,2,23,2.7603985924284e-22,2.7603985924284e-22,-49.641496959021,1,30
1.35,71,-1.0024933306651,nan,nan,nan,0.48014854917877,2.082688788106,nan,nan,20,2,2,24,3.4630218422663e-23,3.4630218422663e-23,-51.717315566138,1,30
1.35,71,-1.0024933306651,nan,nan,nan,0.48014854917877,2.082688788106,nan,nan,20,2,2,25,4.34448862314e-24,4.34448862314e-24,-53.793134173244,1,30
1.35,71,-1.0024933306651,nan,nan,nan,0.48014854917877,2.082688788106,nan,nan,20,2,2,26,5.4503212096954e-25,5.4503212096954e-25,-55.868952780354,1,30
1.35,71,-1.0024933306651,nan,nan,nan,0.48014854917877,2.082688788106,nan,nan,20,2,2,27,6.8376289744759e-26,6.8376289744759e-26,-57.944771387463,1,30
1.35,71,-1.0024933306651,nan,nan,nan,0.48014854917877,2.082688788106,nan,nan,20,2,2,28,8.5780577316198e-27,8.5780577316198e-27,-60.020589994571,1,30
1.35,71,-1.0024933306651,nan,nan,nan,0.48014854917877,2.082688788106,nan,nan,20,2,2,29,1.0761489797718e-27,1.0761489797718e-27,-62.096408601647,1,30
1.35,71,-1.0024933306651,nan,nan,nan,0.48014854917877,2.082688788106,nan,nan,20,2,2,30,1.3500685853328e-28,1.3500685853328e-28,-64.172227208723,1,30
