g,Energy
0.4,-3.7682021008527,-3.8466666666667,-3.8466666666667,-3.8466666666667,-3.8466666666667,-3.8466666666667,-3.87517354752,-3.87517354752,-3.87517354752,-3.8753225869928,-3.8753225869928,-3.8753225869928,-3.9555311514678,-3.9555311514678,-3.9555311514678,-4.0107338437074
0.45,-2.7890420423304,-2.8871810699588,-2.8871810699588,-2.8871810699589,-2.8871810699589,-2.8871810699589,-2.9246184572291,-2.9246184572291,-2.9246184572291,-2.9249617165462,-2.9249617165462,-2.9249617165462,-3.0265449775554,-3.0265449775554,-3.0265449775554,-3.0978863900644
0.5,-2.0475132233324,-2.1666666666667,-2.1666666666667,-2.1666666666667,-2.1666666666667,-2.1666666666667,-2.2151628337916,-2.2151628337916,-2.2151628337916,-2.215912237325,-2.215912237325,-2.215912237325,-2.3413117445745,-2.3413117445745,-2.3413117445745,-2.4319908837115
0.55,-1.4579385534678,-1.5988567493113,-1.5988567493113,-1.5988567493113,-1.5988567493113,-1.5988567493113,-1.6611259704272,-1.6611259704272,-1.6611259704272,-1.66268680551,-1.66268680551,-1.66268680551,-1.8141259246638,-1.8141259246638,-1.8141259246638,-1.9281974349475
0.6,-0.96918560401133,-1.1318518518519,-1.1318518518519,-1.1318518518519,-1.1318518518519,-1.1318518518519,-1.2113228046104,-1.2113228046104,-1.2113228046104,-1.2144290915123,-1.2144290915123,-1.2144290915123,-1.3936761934595,-1.3936761934595,-1.3936761934595,-1.5363355589257
0.65,-0.54945182901805,-0.73290927021696,-0.73290927021696,-0.73290927021696,-0.73290927021696,-0.73290927021696,-0.83384216979519,-0.83384216979519,-0.83384216979519,-0.83974406076977,-0.83974406076978,-0.83974406076978,-1.0477578506874,-1.0477578506874,-1.0477578506874,-1.2255883954335
0.7,-0.17831784880086,-0.38054421768707,-0.38054421768707,-0.38054421768707,-0.38054421768708,-0.38054421768708,-0.50813228245981,-0.50813228245981,-0.50813228245981,-0.51881437113092,-0.51881437113092,-0.51881437113092,-0.75529391188804,-0.75529391188804,-0.75529391188804,-0.97636921117894
0.75,0.15770958684878,-0.060185185185185,-0.060185185185185,-0.060185185185186,-0.060185185185187,-0.060185185185188,-0.22064086921771,-0.22064086921771,-0.22064086921772,-0.23899992667414,-0.23899992667414,-0.23899992667414,-0.50193412008169,-0.50193412008169,-0.50193412008169,-0.77567403414836
0.8,0.46788329448065,0.23833333333333,0.23833333333333,0.23833333333333,0.23833333333333,0.23833333333333,0.037707091172402,0.037707091172399,0.037707091172398,0.0078692135091697,0.0078692135091679,0.0078692135091672,-0.27753471035669,-0.27753471035669,-0.27753471035669,-0.61429335631776
0.85,0.75892350082047,0.52227797001153,0.52227797001153,0.52227797001153,0.52227797001153,0.52227797001153,0.2730403238288,0.2730403238288,0.2730403238288,0.2273948299386,0.2273948299386,0.2273948299386,-0.0746821441935,-0.0746821441935,-0.074682144193502,-0.48516772803272
0.9,1.036090253406,0.79695473251029,0.79695473251029,0.79695473251029,0.79695473251029,0.79695473251029,0.4895285359174,0.4895285359174,0.4895285359174,0.42404460452531,0.42404460452531,0.42404460452531,0.11218816696911,0.11218816696911,0.11218816696911,-0.38250978266608
0.95,1.3037745046673,1.0663111726685,1.0663111726685,1.0663111726685,1.0663111726685,1.0663111726685,0.69007385880906,0.69007385880906,0.69007385880906,0.60205576109554,0.60205576109554,0.60205576109554,0.28733393089467,0.28733393089467,0.28733393089467,-0.30140682379148
1,1.5657414540893,1.3333333333333,1.3333333333333,1.3333333333333,1.3333333333333,1.3333333333333,0.87683762341067,0.87683762341067,0.87683762341067,0.76568256088572,0.76568256088571,0.76568256088571,0.45405550811842,0.45405550811842,0.45405550811842,-0.23766865564999
1.05,1.8251875481521,1.600313681028,1.600313681028,1.600313681028,1.600313681028,1.600313681028,1.0516521445627,1.0516521445627,1.0516521445627,0.91896649026386,0.91896649026386,0.91896649026386,0.61493411849194,0.61493411849194,0.61493411849194,-0.18776446513213
1.1,2.084750741135,1.8690358126722,1.8690358126722,1.8690358126722,1.8690358126722,1.8690358126722,1.2163110331955,1.2163110331955,1.2163110331955,1.0654229864744,1.0654229864744,1.0654229864744,0.77200213246239,0.77200213246239,0.77200213246239,-0.14877305433991
1.15,2.3465442126909,2.1409042218021,2.1409042218021,2.1409042218021,2.1409042218021,2.1409042218021,1.3727130075096,1.3727130075096,1.3727130075096,1.2078930403512,1.2078930403512,1.2078930403512,0.92686881881859,0.92686881881859,0.92686881881858,-0.1183225432147
1.2,2.6122224942867,2.417037037037,2.417037037037,2.417037037037,2.417037037037,2.417037037037,1.5228601062841,1.5228601062841,1.522860106284,1.3485674978837,1.3485674978837,1.3485674978837,1.080814988179,1.080814988179,1.080814988179,-0.094519021275467
1.25,2.8830631776879,2.6983333333333,2.6983333333333,2.6983333333333,2.6983333333333,2.6983333333333,1.6687572511394,1.6687572511394,1.6687572511394,1.4890959224146,1.4890959224146,1.4890959224146,1.2348650387503,1.2348650387503,1.2348650387503,-0.075870803450362
1.3,3.1600470515421,2.9855226824458,2.9855226824458,2.9855226824458,2.9855226824458,2.9855226824458,1.8122844559388,1.8122844559388,1.8122844559388,1.630709636087,1.630709636087,1.630709636087,1.3898422305111,1.3898422305111,1.3898422305111,-0.061215181296474
1.35,3.4439272582353,3.2792021033379,3.2792021033379,3.2792021033379,3.2792021033379,3.2792021033379,1.9550983998697,1.9550983998697,1.9550983998697,1.7743277437892,1.7743277437892,1.7743277437892,1.5464113578863,1.5464113578863,1.5464113578863,-0.049652442133711
1.4,3.7352847318643,3.5798639455782,3.5798639455782,3.5798639455782,3.5798639455782,3.5798639455782,2.0985855132947,2.0985855132947,2.0985855132947,1.920639172805,1.920639172805,1.920639172805,1.7051118677929,1.7051118677929,1.7051118677929,-0.040489501841029
1.45,4.0345707988166,3.8879171621086,3.8879171621086,3.8879171621086,3.8879171621086,3.8879171621086,2.2438607044764,2.2438607044764,2.2438607044764,2.0701633588742,2.0701633588742,2.0701633588742,1.8663836760873,1.8663836760873,1.8663836760873,-0.033193597067444
1.5,4.3421391684823,4.2037037037037,4.2037037037037,4.2037037037037,4.2037037037037,4.2037037037037,2.3917945346147,2.3917945346147,2.3917945346147,2.2232944292891,2.2232944292891,2.2232944292891,2.0305873663694,2.0305873663694,2.0305873663694,-0.027355307079764
1.55,4.6582696955312,4.5275112729795,4.5275112729795,4.5275112729795,4.5275112729795,4.5275112729795,2.5430525594393,2.5430525594393,2.5430525594393,2.3803333065333,2.3803333065333,2.3803333065333,2.1980200433855,2.1980200433855,2.1980200433855,-0.022659615420699
1.6,4.9831859733521,4.8595833333333,4.8595833333333,4.8595833333333,4.8595833333333,4.8595833333333,2.6981360174604,2.6981360174604,2.6981360174604,2.5415111322857,2.5415111322857,2.5415111322857,2.3689278116554,2.3689278116554,2.3689278116554,-0.018863575474753
1.65,5.317068382009,5.2001270278543,5.2001270278543,5.2001270278543,5.2001270278543,5.2001270278543,2.8574183195781,2.8574183195781,2.8574183195781,2.707006469133,2.707006469133,2.707006469133,2.5435156255457,2.5435156255457,2.5435156255457,-0.015779228817761
1.7,5.66006381147,5.5493194925029,5.5493194925029,5.5493194925029,5.5493194925029,5.5493194925029,3.0211753460804,3.0211753460804,3.0211753460804,2.8769580208038,2.8769580208038,2.8769580208038,2.7219550875287,2.7219550875287,2.7219550875287,-0.013260612168598
1.75,6.0122929559879,5.9073129251701,5.9073129251701,5.9073129251701,5.9073129251701,5.9073129251701,3.1896094813014,3.1896094813014,3.1896094813014,3.0514741015909,3.0514741015909,3.0514741015909,2.9043906418145,2.9043906418145,2.9043906418145,-0.011193901391222
1.8,6.3738558294129,6.2742386831276,6.2742386831276,6.2742386831276,6.2742386831276,6.2742386831276,3.3628681562351,3.3628681562351,3.3628681562351,3.230639729803,3.230639729803,3.230639729803,3.0909445107294,3.0909445107294,3.0909445107294,-0.0094899404421766
1.85,6.744835970743,6.6502106160214,6.6502106160214,6.6502106160214,6.6502106160214,6.6502106160214,3.5410579114229,3.5410579114229,3.5410579114229,3.41452197221,3.41452197221,3.41452197221,3.2817206439611,3.2817206439611,3.2817206439611,-0.0080785736214114
1.9,7.1253036790303,7.0353277931671,7.0353277931671,7.0353277931671,7.0353277931671,7.0353277931671,3.7242549533009,3.7242549533009,3.7242549533009,3.6031739925916,3.6031739925916,3.6031739925916,3.4768078908941,3.4768078908941,3.4768078908941,-0.0069043376226713
1.95,7.5153185235417,7.4296767477537,7.4296767477537,7.4296767477537,7.4296767477537,7.4296767477537,3.9125130320024,3.9125130320024,3.9125130320024,3.7966381344112,3.7966381344112,3.7966381344111,3.6762825597935,3.6762825597935,3.6762825597935,-0.0059231782030162
2,7.9149313084226,7.8333333333333,7.8333333333333,7.8333333333333,7.8333333333333,7.8333333333333,4.1058693026114,4.1058693026114,4.1058693026114,3.9949482796574,3.9949482796574,3.9949482796573,3.8802104915603,3.8802104915603,3.8802104915603,-0.0050999394740557
2.05,8.3241856233878,8.2463642673012,8.2463642673012,8.2463642673012,8.2463642673012,8.2463642673012,4.3043486808811,4.3043486808811,4.3043486808811,4.19813166247,4.19813166247,4.19813166247,4.0886487478427,4.0886487478427,4.0886487478427,-0.0044064368447099
2.1,8.7431190776427,8.668828420257,8.668828420257,8.668828420257,8.668828420257,8.668828420257,4.5079670798639,4.5079670798639,4.5079670798638,4.4062102700926,4.4062102700926,4.4062102700926,4.3016469916252,4.3016469916252,4.3016469916252,-0.0038199720039544
