g,N,E0,E1,gap
0.6,0.7,0.8,0.9,1.0
3,4,5,6,7,8,9,10,11,12,13,14,15,16,17,18,19,20,21,22,23,24,25,26,27
-1.0869473068588,-0.93645143164187,0.15049587521692
-1.6304846734049,-1.5121754859225,0.11830918748241
-2.1754136498737,-2.0772406504236,0.098172999450091
-2.7212208890707,-2.6368944887293,0.084326400341396
-3.2675770969241,-3.1933886269756,0.074188469948449
-3.814288934039,-3.7478616869828,0.066427247056191
-4.3612409364251,-4.300957176951,0.06028375947406
-4.9083613491339,-4.8530684670108,0.055292882123007
-5.4556037143102,-5.4044504780698,0.051153236240342
-6.0029368199619,-5.9552760887189,0.047660731243003
-6.5503390154282,-6.5056668995651,0.044672115863162
-7.0977948642219,-7.0557110488549,0.042083815367068
-7.6452930940911,-7.6054740105341,0.039819083557004
-8.1928253026119,-8.1550056974206,0.037819605191299
-8.7403851117329,-8.7043428870425,0.036042224690371
-9.2879676012844,-9.2523438269881,0.035623774296345
-9.8355689207187,-9.8024038498589,0.033165070859825
-10.383186018401,-10.35109650345,0.032089514951311
-10.930816445455,-10.897481922557,0.033334522898038
-11.478458214047,-11.435769590827,0.042688623220688
-12.02610965856,-11.996835292432,0.029274366128437
-12.573769437809,-12.544663908178,0.029105529630995
-13.121436149641,-13.093985378172,0.027450771469436
-13.669108995402,-13.642597993144,0.026511002258372
-14.216786113747,-14.191220964387,0.025565149359659
-0.66494103817854,-0.42566778177765,0.2392732564009
-0.99668883097026,-0.79884438386778,0.19784444710248
-1.3291995534124,-1.1579017293903,0.17129782402218
-1.6620985397083,-1.5093615182595,0.15273702144886
-1.9952053922375,-1.8562142900086,0.13899110222888
-2.328430720738,-2.2000449912214,0.12838572951664
-2.6617271121701,-2.5417785120963,0.11994860007382
-2.9950678851834,-2.8819934619399,0.11307442324351
-3.3284372909699,-3.2210715381678,0.10736575280209
-3.6618256668294,-3.5592753179245,0.10255034890487
-3.9952268933045,-3.8967916886885,0.098435204615957
-4.3286369877467,-4.2337574694696,0.094879518277184
-4.662053299799,-4.570275236912,0.091778062887069
-4.9954740315376,-4.9064234716055,0.089050559932184
-5.3288979410684,-5.2422632845124,0.086634656556003
-5.6623241611002,-5.5778429968261,0.084481164274123
-5.9957520753569,-5.9132013334798,0.082550741877018
-6.3291812424391,-6.248369361353,0.080811881086079
-6.6626113427801,-6.5833735268908,0.079237815889353
-6.9960421424967,-6.9182338415659,0.077808300930874
-7.3294734699886,-7.2529682262295,0.076505243759087
-7.6629051972194,-7.5875942567218,0.075310940497569
-7.9963372287828,-7.9221164779441,0.074220750838689
-8.3297694934652,-8.2565484832471,0.073221010218155
-8.6632019372227,-8.590894963077,0.072306974145775
-0.40135382509329,-0.032472839288172,0.36888098580511
-0.60101491811799,-0.27788701788437,0.32312790023362
-0.80086372428093,-0.50679042485169,0.29407329942924
-1.0007779854098,-0.72670648143503,0.27407150397477
-1.200717000019,-0.94117397187339,0.25954302814561
-1.4006659766177,-1.1520902862009,0.24857569041677
-1.6006191452566,-1.3605676826112,0.24005146264546
-1.8005741398667,-1.5673020616866,0.23327207818011
-2.0005299515102,-1.7727510764733,0.22777887503691
-2.2004861364511,-1.9772278145653,0.22325832188578
-2.4004424945702,-2.1809534411978,0.21948905337237
-2.6003989346464,-2.3840854143484,0.21631352029806
-2.8003554138024,-2.5867408657838,0.21361454801855
-3.0003119120591,-2.7890332561294,0.21127865592971
-3.2002684193564,-2.9910028515191,0.20926556783732
-3.4002249310364,-3.192709942479,0.20751498855747
-3.600181445422,-3.394206346167,0.20597509925505
-3.8001379605724,-3.5954987607746,0.20463919979777
-4.0000944762713,-3.7966718878847,0.20342258838666
-4.2000509922468,-3.9976990745717,0.20235191767508
-4.4000075083604,-4.1986053440059,0.2014021643545
-4.5999640245437,-4.399433516822,0.20053050772164
-4.7999205407619,-4.60012502197,0.19979551879191
-4.9998770569979,-4.8007762509905,0.19910080600736
-5.1998335732428,-5.0012973176771,0.19853625556564
-0.24060647983312,0.29895280559003,0.53955928542315
-0.360201915172,0.1344427296835,0.49464464485549
-0.4798227382707,-0.012857415407574,0.46696532286313
-0.59944889877339,-0.15093636882402,0.44851252994938
-0.71907625971227,-0.28354807714074,0.43552818257153
-0.83870390546196,-0.41268443664936,0.4260194688126
-0.95833162201654,-0.53949508169042,0.41883654032612
-1.0779593562039,-0.66468608697359,0.41327326923034
-1.1975870950321,-0.78871250472126,0.40887459031081
-1.317214835087,-0.91187915272952,0.40533568235749
-1.4368425754708,-1.0343968308978,0.40244574457298
-1.5564703159436,-1.1564134988111,0.40005681713252
-1.6760980564408,-1.2780386961058,0.39805936033501
-1.7957257969447,-1.3993596254703,0.39636617147437
-1.9153535374504,-1.5204177186769,0.39493581877359
-2.0349812779567,-1.6411482694141,0.39383300854259
-2.1546090184631,-1.7619440690351,0.39266494942799
-2.2742367589695,-1.8819254627571,0.39231129621239
-2.3938644994759,-2.0027211852226,0.39114331425331
-2.5134922399824,-2.1229842881535,0.39050795182888
-2.6331199804888,-2.2422789037513,0.3908410767375
-2.7527477209953,-2.3621422614525,0.39060545954281
-2.8723754615017,-2.4816842918605,0.39069116964126
-2.9920032020082,-2.6027703249862,0.38923287702203
-3.1116309425146,-2.7232584762296,0.388372466285
-0.14497254146874,0.59970930403004,0.74468184549878
-0.21710810122546,0.48628270087448,0.70339080209994
-0.28924614726731,0.38944457820552,0.67869072547283
-0.36138450043887,0.30129738680022,0.66268188723909
-0.43352289118869,0.21817554924042,0.6516984404291
-0.50566128710118,0.13817072989536,0.64383201699654
-0.57779968367978,0.060204596611527,0.63800428029131
-0.64993808034885,-0.016370924459439,0.63356715588941
-0.72207647703032,-0.091959283307398,0.63011719372293
-0.79421487371351,-0.16680533019089,0.62740954352262
-0.86635327039694,-0.24106063236112,0.62529263803582
-0.9384916670804,-0.31472933945548,0.62376232762492
-1.0106300637639,-0.38786129181302,0.62276877195084
-1.0827684604473,-0.46051826066648,0.62225019978085
-1.1549068571308,-0.53302620424166,0.62188065288912
-1.2270452538143,-0.60504506084514,0.62200019296912
-1.2991836504977,-0.67732359413925,0.62186005635848
-1.3713220471812,-0.74927512450831,0.62204692267288
-1.4434604438647,-0.82105168162312,0.62240876224154
-1.5155988405481,-0.89614264253871,0.61945619800941
-1.5877372372316,-0.96811481176144,0.61962242547014
-1.659875633915,-1.0401929773184,0.61968265659666
-1.7320140305985,-1.112251413905,0.6197626166935
-1.804152427282,-1.1843142598758,0.61983816740615
-1.8762908239654,-1.2564474996185,0.61984332434689

